8.028093338012695312e+00
9.556047439575195312e+00
9.345134735107421875e+00
8.897046089172363281e+00
6.861909866333007812e+00
7.193682193756103516e+00
8.049979209899902344e+00
1.049044990539550781e+01
8.498161315917968750e+00
8.830705642700195312e+00
8.716431617736816406e+00
8.475368499755859375e+00
7.971261024475097656e+00
9.861915588378906250e+00
9.017673492431640625e+00
9.013210296630859375e+00
6.478102684020996094e+00
9.052300453186035156e+00
7.725955009460449219e+00
1.014436531066894531e+01
8.811640739440917969e+00
8.362519264221191406e+00
8.774985313415527344e+00
8.052940368652343750e+00
1.029804039001464844e+01
1.027894115447998047e+01
8.342941284179687500e+00
8.471950531005859375e+00
7.272363662719726562e+00
8.832624435424804688e+00
1.031045913696289062e+01
7.376703262329101562e+00
8.542551040649414062e+00
9.306882858276367188e+00
9.926255226135253906e+00
7.565402507781982422e+00
7.377819061279296875e+00
1.046276092529296875e+01
8.644529342651367188e+00
8.819064140319824219e+00
1.032151412963867188e+01
8.694883346557617188e+00
7.984437465667724609e+00
9.951046943664550781e+00
9.481424331665039062e+00
1.039414310455322266e+01
1.164218997955322266e+01
6.499032974243164062e+00
1.216385650634765625e+01
9.966123580932617188e+00
9.909793853759765625e+00
6.954019546508789062e+00
9.712063789367675781e+00
9.368843078613281250e+00
9.850072860717773438e+00
8.782508850097656250e+00
9.086252212524414062e+00
9.174999237060546875e+00
8.950089454650878906e+00
1.070226955413818359e+01
7.939662933349609375e+00
9.368760108947753906e+00
1.037245178222656250e+01
9.334671020507812500e+00
1.047587394714355469e+01
1.005778026580810547e+01
9.435189247131347656e+00
8.676670074462890625e+00
9.193231582641601562e+00
9.496486663818359375e+00
8.793691635131835938e+00
9.095981597900390625e+00
1.042728137969970703e+01
8.859327316284179688e+00
9.787542343139648438e+00
1.149058723449707031e+01
9.692670822143554688e+00
1.052069854736328125e+01
9.565702438354492188e+00
9.317393302917480469e+00
8.310338973999023438e+00
1.024308490753173828e+01
9.587476730346679688e+00
1.191910171508789062e+01
7.589974403381347656e+00
1.023540210723876953e+01
1.014384078979492188e+01
8.992931365966796875e+00
1.003217887878417969e+01
1.027070140838623047e+01
8.887191772460937500e+00
9.953392028808593750e+00
9.661819458007812500e+00
9.275914192199707031e+00
1.019910049438476562e+01
1.128147506713867188e+01
9.447229385375976562e+00
8.769917488098144531e+00
9.711618423461914062e+00
9.565768241882324219e+00
8.053838729858398438e+00
7.512200832366943359e+00
9.940190315246582031e+00
9.117693901062011719e+00
8.243331909179687500e+00
9.247291564941406250e+00
8.908460617065429688e+00
1.006941509246826172e+01
8.144260406494140625e+00
8.221254348754882812e+00
6.993799209594726562e+00
8.226053237915039062e+00
8.139409065246582031e+00
6.362472057342529297e+00
6.432853221893310547e+00
7.157312393188476562e+00
5.284914016723632812e+00
7.933928012847900391e+00
7.477239608764648438e+00
7.424200534820556641e+00
7.466785430908203125e+00
7.054457664489746094e+00
6.573280334472656250e+00
6.262962341308593750e+00
6.251649856567382812e+00
5.726057052612304688e+00
4.713396072387695312e+00
5.905905723571777344e+00
6.855480194091796875e+00
5.922924041748046875e+00
4.984669685363769531e+00
5.299622058868408203e+00
4.391704082489013672e+00
5.368088245391845703e+00
4.819799900054931641e+00
5.127830505371093750e+00
4.165793418884277344e+00
4.321602821350097656e+00
5.513775825500488281e+00
3.741233348846435547e+00
6.045736312866210938e+00
5.012752532958984375e+00
4.053701877593994141e+00
4.482488155364990234e+00
5.113632202148437500e+00
4.479864120483398438e+00
3.875352859497070312e+00
3.345234632492065430e+00
5.480257034301757812e+00
4.985017776489257812e+00
3.718225955963134766e+00
4.571936130523681641e+00
4.118273735046386719e+00
3.893999099731445312e+00
4.466176033020019531e+00
3.542566299438476562e+00
3.271454334259033203e+00
3.208023071289062500e+00
3.906268358230590820e+00
4.107611656188964844e+00
3.679334402084350586e+00
3.206029891967773438e+00
3.740507841110229492e+00
4.661845207214355469e+00
5.342996597290039062e+00
3.259633064270019531e+00
4.112248420715332031e+00
3.846302986145019531e+00
3.179875850677490234e+00
2.814893245697021484e+00
3.336205005645751953e+00
3.373577594757080078e+00
3.581137180328369141e+00
2.885382890701293945e+00
3.735211372375488281e+00
2.735604047775268555e+00
3.360273122787475586e+00
3.164075374603271484e+00
5.041236400604248047e+00
2.372181415557861328e+00
4.305085659027099609e+00
2.958707332611083984e+00
3.306233406066894531e+00
4.395533561706542969e+00
2.932092189788818359e+00
2.828993797302246094e+00
4.253849029541015625e+00
3.385444641113281250e+00
3.650892734527587891e+00
3.504216432571411133e+00
3.779690265655517578e+00
2.664532184600830078e+00
3.259002923965454102e+00
3.643176078796386719e+00
3.444811820983886719e+00
3.015154838562011719e+00
2.937990188598632812e+00
2.800359725952148438e+00
3.092658996582031250e+00
3.251423358917236328e+00
2.379099607467651367e+00
2.693684816360473633e+00
3.958019018173217773e+00
3.117662906646728516e+00
3.276802062988281250e+00
2.228815793991088867e+00
2.840878963470458984e+00
2.793604850769042969e+00
3.125114917755126953e+00
2.688904047012329102e+00
3.048361778259277344e+00
2.731892108917236328e+00
2.963317871093750000e+00
2.991380214691162109e+00
3.373136520385742188e+00
2.341969013214111328e+00
2.577938556671142578e+00
2.813206672668457031e+00
2.376961231231689453e+00
3.085724830627441406e+00
2.944090366363525391e+00
2.157379627227783203e+00
3.490915536880493164e+00
2.233641862869262695e+00
3.007440090179443359e+00
2.211202383041381836e+00
3.802415370941162109e+00
2.080920934677124023e+00
3.313796997070312500e+00
4.148291110992431641e+00
2.696538448333740234e+00
2.593954801559448242e+00
3.130210399627685547e+00
2.777920722961425781e+00
2.286109447479248047e+00
3.310749769210815430e+00
3.336932182312011719e+00
2.086815834045410156e+00
2.526080608367919922e+00
2.086965799331665039e+00
1.703587293624877930e+00
3.060036182403564453e+00
2.486279487609863281e+00
2.503625869750976562e+00
2.054650306701660156e+00
3.114581584930419922e+00
2.349515914916992188e+00
2.228482246398925781e+00
4.442447662353515625e+00
2.259056568145751953e+00
2.277442455291748047e+00
2.521271705627441406e+00
2.831063747406005859e+00
2.406131267547607422e+00
2.174545526504516602e+00
3.058214902877807617e+00
2.550214529037475586e+00
2.630925655364990234e+00
2.569915294647216797e+00
2.345833301544189453e+00
2.403625488281250000e+00
2.273828983306884766e+00
1.857158184051513672e+00
2.260868072509765625e+00
2.428419113159179688e+00
2.667087078094482422e+00
3.041054487228393555e+00
2.504538536071777344e+00
2.345039367675781250e+00
2.264286994934082031e+00
1.826084136962890625e+00
2.363562345504760742e+00
2.625131845474243164e+00
3.092619180679321289e+00
2.834719657897949219e+00
2.244963645935058594e+00
1.864678621292114258e+00
2.898096084594726562e+00
2.261412143707275391e+00
2.206276416778564453e+00
2.482031822204589844e+00
1.740880131721496582e+00
2.025922775268554688e+00
2.802982807159423828e+00
2.333012104034423828e+00
2.474519491195678711e+00
1.924695014953613281e+00
1.929191589355468750e+00
1.953141927719116211e+00
1.906597137451171875e+00
1.738962769508361816e+00
2.899840593338012695e+00
2.375222921371459961e+00
2.038148880004882812e+00
1.858892679214477539e+00
2.051548004150390625e+00
2.183724641799926758e+00
2.246957778930664062e+00
1.856366515159606934e+00
2.036864519119262695e+00
1.808199882507324219e+00
2.143377780914306641e+00
1.914414405822753906e+00
2.307619333267211914e+00
2.377907752990722656e+00
1.864515066146850586e+00
1.600611805915832520e+00
1.650787472724914551e+00
1.731176137924194336e+00
2.170548677444458008e+00
1.870070457458496094e+00
1.621473789215087891e+00
1.700363874435424805e+00
2.051855802536010742e+00
1.553827285766601562e+00
2.221456050872802734e+00
2.410938739776611328e+00
1.694073915481567383e+00
1.853835582733154297e+00
1.494585990905761719e+00
2.510087013244628906e+00
1.585463523864746094e+00
2.190714836120605469e+00
2.064572811126708984e+00
1.885980129241943359e+00
1.218137502670288086e+00
1.447245240211486816e+00
1.495865821838378906e+00
1.453270435333251953e+00
1.741801738739013672e+00
1.703558444976806641e+00
1.639805555343627930e+00
1.794826865196228027e+00
1.563708066940307617e+00
1.428928613662719727e+00
1.539564132690429688e+00
1.676543951034545898e+00
1.881202936172485352e+00
2.248526573181152344e+00
1.319642186164855957e+00
1.570045948028564453e+00
2.018713951110839844e+00
1.824459433555603027e+00
1.605666756629943848e+00
2.094285011291503906e+00
1.381100177764892578e+00
1.399406433105468750e+00
1.560273170471191406e+00
1.773161530494689941e+00
1.848249435424804688e+00
1.684204459190368652e+00
1.422874927520751953e+00
1.682779073715209961e+00
1.452448368072509766e+00
1.716712236404418945e+00
1.301739454269409180e+00
1.668578982353210449e+00
1.364958882331848145e+00
1.755920648574829102e+00
1.614699363708496094e+00
1.463702797889709473e+00
1.391956806182861328e+00
1.451437711715698242e+00
1.407480955123901367e+00
1.565511107444763184e+00
1.228802680969238281e+00
1.793051004409790039e+00
1.218531131744384766e+00
1.734264373779296875e+00
1.240764975547790527e+00
1.304819583892822266e+00
1.424477934837341309e+00
1.469618082046508789e+00
1.395808458328247070e+00
1.123284459114074707e+00
1.317173480987548828e+00
1.462868452072143555e+00
1.379796504974365234e+00
1.125993251800537109e+00
1.374969959259033203e+00
1.494643688201904297e+00
1.241270422935485840e+00
1.856737613677978516e+00
1.353672981262207031e+00
1.526772975921630859e+00
1.788545846939086914e+00
1.550245285034179688e+00
1.375062465667724609e+00
1.346792697906494141e+00
1.394102811813354492e+00
1.433882236480712891e+00
1.343970060348510742e+00
1.199671030044555664e+00
1.592335700988769531e+00
1.105543017387390137e+00
1.709812283515930176e+00
1.207571983337402344e+00
1.115606069564819336e+00
1.503431200981140137e+00
1.329250097274780273e+00
1.321117162704467773e+00
1.462290167808532715e+00
1.276705503463745117e+00
1.168897509574890137e+00
1.366950273513793945e+00
1.781894683837890625e+00
1.306757807731628418e+00
1.295103549957275391e+00
1.078919887542724609e+00
1.254112124443054199e+00
1.088504076004028320e+00
1.333866715431213379e+00
1.581440925598144531e+00
1.312219858169555664e+00
1.077367186546325684e+00
1.091097593307495117e+00
1.521643519401550293e+00
1.266906023025512695e+00
1.155236363410949707e+00
1.093964695930480957e+00
1.336332798004150391e+00
1.226276516914367676e+00
1.478777170181274414e+00
1.167948722839355469e+00
1.594400286674499512e+00
1.063888192176818848e+00
1.189252018928527832e+00
1.265685915946960449e+00
1.407435774803161621e+00
1.281187415122985840e+00
1.387221217155456543e+00
1.317528247833251953e+00
1.098052382469177246e+00
1.162256956100463867e+00
1.277597427368164062e+00
1.054970264434814453e+00
1.045715332031250000e+00
1.065497994422912598e+00
9.824351072311401367e-01
1.028810024261474609e+00
1.158246040344238281e+00
1.245348453521728516e+00
1.309875965118408203e+00
1.112360715866088867e+00
1.363574743270874023e+00
1.085517764091491699e+00
1.186474084854125977e+00
1.587037324905395508e+00
1.351275205612182617e+00
9.987594485282897949e-01
9.872050285339355469e-01
1.109251379966735840e+00
9.547101259231567383e-01
1.252034425735473633e+00
9.652310609817504883e-01
1.055925011634826660e+00
1.238474607467651367e+00
1.189381599426269531e+00
1.275131702423095703e+00
1.396166801452636719e+00
1.271293163299560547e+00
1.355304360389709473e+00
1.273020148277282715e+00
1.089265108108520508e+00
1.112227320671081543e+00
1.151176452636718750e+00
1.370184659957885742e+00
1.345600008964538574e+00
1.024863481521606445e+00
1.000350475311279297e+00
1.022512674331665039e+00
9.686979055404663086e-01
1.109638810157775879e+00
9.551070928573608398e-01
1.087559342384338379e+00
1.041444301605224609e+00
9.776906967163085938e-01
1.332055330276489258e+00
9.632871150970458984e-01
1.089085221290588379e+00
9.733904600143432617e-01
1.087065815925598145e+00
8.591079711914062500e-01
9.480193853378295898e-01
9.856129288673400879e-01
7.527616024017333984e-01
8.972948789596557617e-01
1.041780591011047363e+00
8.778191804885864258e-01
1.017051577568054199e+00
1.025278329849243164e+00
8.951302766799926758e-01
8.524412512779235840e-01
1.078617572784423828e+00
9.343174695968627930e-01
1.133116722106933594e+00
9.478648900985717773e-01
1.016309738159179688e+00
1.080251455307006836e+00
8.567135930061340332e-01
8.470028638839721680e-01
9.651750326156616211e-01
9.718991518020629883e-01
9.265795946121215820e-01
1.097058773040771484e+00
1.141776084899902344e+00
1.020326495170593262e+00
8.538818955421447754e-01
1.054469943046569824e+00
8.775556683540344238e-01
7.856678962707519531e-01
9.685334563255310059e-01
9.966676235198974609e-01
1.015569329261779785e+00
7.552484273910522461e-01
1.116487026214599609e+00
7.605379819869995117e-01
8.291168212890625000e-01
9.424334764480590820e-01
1.107377409934997559e+00
8.923917412757873535e-01
1.007674455642700195e+00
9.460543394088745117e-01
9.054201245307922363e-01
8.111807703971862793e-01
9.048401117324829102e-01
7.445201873779296875e-01
8.095151185989379883e-01
8.012679219245910645e-01
7.754387259483337402e-01
8.255142569541931152e-01
8.848493695259094238e-01
1.048046112060546875e+00
1.030459165573120117e+00
8.869336843490600586e-01
8.364445567131042480e-01
7.069298624992370605e-01
8.977134227752685547e-01
8.950225114822387695e-01
7.212653160095214844e-01
8.959053754806518555e-01
7.654389142990112305e-01
8.608762025833129883e-01
8.949578404426574707e-01
9.534515738487243652e-01
9.998607635498046875e-01
8.680319786071777344e-01
8.524510860443115234e-01
7.428742051124572754e-01
8.357262015342712402e-01
7.410191893577575684e-01
1.019745230674743652e+00
9.085243344306945801e-01
8.001911044120788574e-01
8.379927873611450195e-01
9.890775084495544434e-01
7.359187602996826172e-01
8.884630799293518066e-01
7.730392217636108398e-01
8.097517490386962891e-01
9.267725348472595215e-01
9.375329017639160156e-01
9.248977899551391602e-01
7.406228780746459961e-01
7.595829963684082031e-01
8.467682003974914551e-01
7.515338659286499023e-01
8.349548578262329102e-01
9.098066091537475586e-01
7.848923206329345703e-01
8.967379927635192871e-01
7.235429883003234863e-01
7.637733817100524902e-01
8.274102210998535156e-01
8.700487613677978516e-01
7.462614178657531738e-01
7.603305578231811523e-01
7.615001797676086426e-01
7.766181230545043945e-01
7.676472663879394531e-01
9.558706283569335938e-01
7.462951540946960449e-01
8.071684837341308594e-01
6.998182535171508789e-01
7.834738492965698242e-01
7.478964328765869141e-01
8.616895079612731934e-01
7.779747843742370605e-01
6.933228373527526855e-01
8.564107418060302734e-01
7.664133310317993164e-01
7.527198791503906250e-01
6.961334943771362305e-01
7.186112403869628906e-01
7.313808202743530273e-01
7.849609851837158203e-01
9.113900065422058105e-01
7.704765796661376953e-01
7.943528294563293457e-01
7.837081551551818848e-01
7.761720418930053711e-01
8.302841782569885254e-01
7.241679430007934570e-01
8.225927352905273438e-01
7.059530615806579590e-01
6.949705481529235840e-01
6.801334023475646973e-01
6.652345657348632812e-01
8.389015793800354004e-01
8.926984071731567383e-01
7.548381090164184570e-01
7.053293585777282715e-01
6.324782371520996094e-01
9.209086298942565918e-01
7.933798432350158691e-01
8.708122968673706055e-01
7.149153947830200195e-01
7.837150096893310547e-01
7.602684497833251953e-01
6.556402444839477539e-01
8.800578713417053223e-01
6.930226087570190430e-01
7.424162626266479492e-01
6.485174894332885742e-01
7.608972787857055664e-01
6.891413927078247070e-01
7.121520042419433594e-01
7.093743681907653809e-01
6.675631999969482422e-01
8.425210118293762207e-01
6.772791147232055664e-01
7.681684494018554688e-01
6.461545228958129883e-01
6.749406456947326660e-01
6.357879042625427246e-01
7.394918799400329590e-01
6.561074256896972656e-01
7.742965817451477051e-01
6.429810523986816406e-01
6.618772745132446289e-01
7.082262039184570312e-01
7.483254671096801758e-01
6.884756684303283691e-01
6.897078752517700195e-01
8.190235495567321777e-01
6.199690699577331543e-01
7.505325078964233398e-01
6.003750562667846680e-01
8.011047840118408203e-01
7.617450952529907227e-01
6.389905810356140137e-01
7.172361612319946289e-01
6.106933355331420898e-01
6.635230183601379395e-01
7.439854741096496582e-01
6.186318397521972656e-01
7.499722838401794434e-01
6.363644599914550781e-01
7.455503940582275391e-01
5.878559947013854980e-01
6.176532506942749023e-01
5.645602345466613770e-01
6.214605569839477539e-01
6.496477127075195312e-01
6.010948419570922852e-01
6.116976737976074219e-01
6.930716037750244141e-01
5.416004061698913574e-01
5.931683778762817383e-01
6.553347110748291016e-01
6.666324138641357422e-01
6.003233194351196289e-01
6.662541627883911133e-01
6.285377740859985352e-01
6.027908325195312500e-01
6.299762725830078125e-01
6.309493780136108398e-01
5.967823266983032227e-01
7.477647066116333008e-01
8.373894691467285156e-01
6.564861536026000977e-01
6.224626302719116211e-01
6.286561489105224609e-01
7.504588365554809570e-01
6.740291118621826172e-01
6.307399272918701172e-01
5.559526681900024414e-01
6.729261875152587891e-01
6.790260672569274902e-01
5.068508982658386230e-01
5.479173064231872559e-01
5.995310544967651367e-01
7.525433897972106934e-01
7.160020470619201660e-01
6.938931941986083984e-01
6.038383841514587402e-01
6.682843565940856934e-01
7.567820549011230469e-01
5.784302949905395508e-01
6.018413901329040527e-01
6.216624379158020020e-01
6.321085691452026367e-01
6.458264589309692383e-01
5.967524647712707520e-01
5.991153717041015625e-01
6.445399522781372070e-01
6.461567878723144531e-01
6.163883209228515625e-01
6.308463811874389648e-01
5.306262373924255371e-01
6.468777656555175781e-01
6.008387804031372070e-01
6.136877536773681641e-01
6.555189490318298340e-01
5.815628767013549805e-01
6.226448416709899902e-01
5.749924182891845703e-01
5.041213035583496094e-01
5.282760262489318848e-01
5.178858637809753418e-01
5.669316053390502930e-01
5.991142392158508301e-01
5.831462144851684570e-01
5.419772863388061523e-01
6.707885861396789551e-01
7.070926427841186523e-01
7.128170728683471680e-01
5.541609525680541992e-01
6.175513863563537598e-01
5.514145493507385254e-01
6.578549742698669434e-01
6.185380220413208008e-01
5.564462542533874512e-01
6.656174659729003906e-01
7.383679747581481934e-01
5.515365600585937500e-01
6.161309480667114258e-01
6.302475929260253906e-01
6.424061059951782227e-01
5.390449762344360352e-01
5.353105068206787109e-01
6.009708642959594727e-01
5.403339862823486328e-01
5.590382814407348633e-01
5.467609167098999023e-01
5.334119796752929688e-01
5.985065698623657227e-01
5.875476598739624023e-01
6.003085970878601074e-01
5.629387497901916504e-01
6.546777486801147461e-01
6.536344885826110840e-01
5.587364435195922852e-01
5.338999032974243164e-01
5.966591835021972656e-01
5.412431359291076660e-01
5.756213068962097168e-01
6.155924797058105469e-01
5.925946235656738281e-01
5.416535139083862305e-01
5.752360820770263672e-01
5.869495272636413574e-01
6.047920584678649902e-01
5.111802816390991211e-01
5.325647592544555664e-01
5.051524639129638672e-01
5.629348754882812500e-01
5.349459648132324219e-01
5.920588374137878418e-01
4.610433578491210938e-01
6.007340550422668457e-01
5.405510067939758301e-01
5.539536476135253906e-01
5.653495192527770996e-01
5.134966373443603516e-01
4.985893666744232178e-01
5.538187026977539062e-01
5.584428310394287109e-01
4.521150887012481689e-01
5.023337006568908691e-01
5.543462038040161133e-01
6.565334796905517578e-01
5.989308953285217285e-01
5.584102869033813477e-01
5.845444202423095703e-01
5.510387420654296875e-01
4.610565900802612305e-01
5.234928131103515625e-01
5.191908478736877441e-01
4.812918901443481445e-01
5.195447206497192383e-01
5.310893058776855469e-01
5.202656388282775879e-01
4.954670667648315430e-01
5.096991062164306641e-01
5.522532463073730469e-01
5.052292346954345703e-01
5.284054279327392578e-01
5.287395715713500977e-01
4.433811902999877930e-01
5.012832283973693848e-01
4.839582145214080811e-01
5.321038365364074707e-01
4.771741926670074463e-01
3.932079970836639404e-01
4.508076310157775879e-01
4.820480942726135254e-01
4.281070232391357422e-01
5.254595875740051270e-01
4.792459905147552490e-01
4.736727774143218994e-01
4.956233799457550049e-01
5.712168216705322266e-01
5.607882738113403320e-01
5.850298404693603516e-01
5.407591462135314941e-01
5.348459482192993164e-01
5.048757791519165039e-01
5.304560661315917969e-01
5.478942394256591797e-01
4.344909787178039551e-01
4.324262142181396484e-01
4.705511033535003662e-01
5.077364444732666016e-01
5.555453896522521973e-01
4.014742970466613770e-01
4.864085018634796143e-01
5.107768774032592773e-01
5.408132076263427734e-01
6.157981753349304199e-01
5.136618614196777344e-01
4.738658666610717773e-01
4.839984178543090820e-01
4.338791966438293457e-01
4.665351510047912598e-01
5.233144760131835938e-01
5.117932558059692383e-01
4.738082885742187500e-01
4.977727532386779785e-01
5.001192092895507812e-01
5.421560406684875488e-01
5.215592384338378906e-01
5.007514953613281250e-01
4.632382094860076904e-01
4.961000978946685791e-01
4.876030385494232178e-01
4.374740123748779297e-01
4.019879400730133057e-01
4.919190406799316406e-01
5.241262912750244141e-01
4.981042742729187012e-01
5.030710697174072266e-01
4.361692667007446289e-01
4.578508436679840088e-01
4.544401168823242188e-01
5.529620647430419922e-01
4.477490186691284180e-01
4.879594743251800537e-01
4.368942379951477051e-01
4.661360681056976318e-01
4.531519412994384766e-01
4.105110168457031250e-01
3.927999138832092285e-01
4.593714773654937744e-01
4.829832315444946289e-01
4.740127921104431152e-01
4.999495446681976318e-01
3.867473006248474121e-01
4.616237282752990723e-01
4.726055264472961426e-01
4.727934896945953369e-01
4.949588775634765625e-01
5.571529269218444824e-01
4.717652201652526855e-01
4.508136510848999023e-01
4.353639483451843262e-01
4.580903947353363037e-01
4.520054459571838379e-01
4.811252355575561523e-01
4.986999034881591797e-01
4.366850852966308594e-01
3.974574208259582520e-01
4.783969521522521973e-01
3.787454068660736084e-01
4.765897989273071289e-01
5.455472469329833984e-01
3.723429739475250244e-01
4.713386893272399902e-01
5.744948983192443848e-01
3.717171549797058105e-01
5.006194710731506348e-01
4.975189566612243652e-01
3.531122207641601562e-01
3.906570076942443848e-01
4.594603776931762695e-01
4.304279088973999023e-01
4.293769299983978271e-01
3.894598484039306641e-01
3.917958736419677734e-01
4.713879227638244629e-01
3.674663901329040527e-01
4.601380228996276855e-01
4.497374892234802246e-01
4.408846497535705566e-01
4.646527767181396484e-01
4.349752068519592285e-01
4.163169860839843750e-01
4.828168153762817383e-01
3.845131993293762207e-01
4.072795808315277100e-01
4.599032402038574219e-01
4.971265196800231934e-01
4.518127739429473877e-01
4.256036281585693359e-01
4.782206118106842041e-01
4.354520440101623535e-01
4.916754066944122314e-01
3.900114595890045166e-01
4.740338921546936035e-01
5.010582208633422852e-01
4.934801161289215088e-01
4.704466760158538818e-01
4.945026040077209473e-01
3.977497518062591553e-01
4.402745962142944336e-01
4.465840458869934082e-01
3.802840709686279297e-01
4.685165286064147949e-01
3.887017369270324707e-01
4.740210473537445068e-01
4.144482612609863281e-01
4.817755818367004395e-01
4.905690848827362061e-01
3.978189826011657715e-01
4.720083475112915039e-01
4.183671474456787109e-01
3.695573210716247559e-01
4.214522838592529297e-01
4.117829799652099609e-01
4.003019928932189941e-01
4.393023848533630371e-01
4.431715905666351318e-01
3.983690142631530762e-01
4.831604957580566406e-01
4.208663702011108398e-01
3.915737569332122803e-01
3.940788507461547852e-01
3.615422546863555908e-01
4.282040596008300781e-01
4.728831648826599121e-01
4.578031897544860840e-01
4.365211725234985352e-01
4.421354532241821289e-01
3.988238573074340820e-01
4.118797183036804199e-01
4.065026044845581055e-01
4.049922525882720947e-01
4.317090511322021484e-01
4.075678586959838867e-01
3.823117911815643311e-01
4.458765387535095215e-01
4.375608861446380615e-01
4.068155288696289062e-01
3.799811005592346191e-01
3.959626853466033936e-01
4.096509814262390137e-01
4.472488164901733398e-01
4.229424297809600830e-01
4.225376844406127930e-01
4.094052910804748535e-01
4.547156691551208496e-01
4.375341534614562988e-01
3.771994113922119141e-01
4.693228006362915039e-01
4.390427470207214355e-01
3.942098617553710938e-01
4.205164611339569092e-01
4.679798483848571777e-01
3.578598201274871826e-01
4.069989919662475586e-01
3.662142157554626465e-01
4.066213965415954590e-01
3.806393742561340332e-01
3.945488929748535156e-01
4.041190743446350098e-01
3.459637761116027832e-01
3.826035857200622559e-01
3.955938816070556641e-01
3.942873179912567139e-01
4.071989953517913818e-01
3.648578822612762451e-01
4.205523133277893066e-01
4.341828227043151855e-01
4.525148868560791016e-01
3.918273150920867920e-01
3.954148888587951660e-01
3.967140018939971924e-01
3.338248133659362793e-01
3.699695467948913574e-01
4.047697484493255615e-01
3.535111844539642334e-01
3.531999588012695312e-01
4.361624717712402344e-01
4.331149458885192871e-01
3.020432591438293457e-01
3.823193609714508057e-01
3.971256613731384277e-01
4.213850498199462891e-01
3.731052279472351074e-01
4.098759889602661133e-01
3.924051523208618164e-01
3.398347795009613037e-01
3.527941107749938965e-01
3.921678662300109863e-01
3.654592037200927734e-01
3.908310830593109131e-01
4.422133564949035645e-01
3.797150254249572754e-01
4.594114124774932861e-01
3.951827287673950195e-01
3.781074881553649902e-01
3.797350823879241943e-01
3.321033716201782227e-01
3.977100551128387451e-01
3.725312352180480957e-01
4.021126627922058105e-01
3.867031037807464600e-01
3.838388323783874512e-01
3.486895561218261719e-01
4.073385298252105713e-01
3.830021917819976807e-01
3.468664288520812988e-01
3.847546577453613281e-01
3.341165184974670410e-01
3.839861154556274414e-01
4.254353046417236328e-01
3.688276410102844238e-01
3.545875251293182373e-01
2.925571203231811523e-01
3.868297934532165527e-01
4.254957139492034912e-01
3.286899328231811523e-01
3.910816907882690430e-01
4.087747335433959961e-01
3.461163640022277832e-01
3.337252736091613770e-01
3.861283957958221436e-01
3.468353152275085449e-01
3.464712500572204590e-01
3.950433731079101562e-01
3.216082751750946045e-01
3.948753476142883301e-01
3.768979310989379883e-01
3.520543873310089111e-01
3.423135876655578613e-01
3.990601897239685059e-01
3.422299027442932129e-01
3.572954833507537842e-01
3.195171654224395752e-01
3.759008347988128662e-01
3.800486624240875244e-01
4.134138524532318115e-01
3.701577186584472656e-01
3.528276383876800537e-01
3.389333486557006836e-01
3.257369995117187500e-01
3.332742750644683838e-01
4.023156166076660156e-01
3.670008182525634766e-01
3.204863667488098145e-01
3.192821741104125977e-01
3.037658929824829102e-01
3.545401990413665771e-01
3.488157987594604492e-01
3.358665704727172852e-01
3.843628168106079102e-01
3.881725668907165527e-01
3.802993893623352051e-01
3.556190133094787598e-01
3.596771955490112305e-01
3.453088998794555664e-01
3.573660850524902344e-01
3.584824800491333008e-01
3.570609390735626221e-01
3.794233500957489014e-01
3.679677844047546387e-01
3.736300170421600342e-01
3.896937668323516846e-01
3.516645431518554688e-01
3.103917837142944336e-01
2.993035018444061279e-01
3.014878630638122559e-01
3.245905339717864990e-01
3.930680751800537109e-01
3.751609325408935547e-01
3.346525430679321289e-01
3.786413371562957764e-01
3.770616054534912109e-01
3.655812740325927734e-01
3.560076951980590820e-01
3.271267712116241455e-01
3.055729866027832031e-01
3.758369982242584229e-01
3.414474725723266602e-01
3.460435867309570312e-01
3.305445313453674316e-01
3.345935940742492676e-01
3.446488976478576660e-01
3.202984333038330078e-01
3.397138118743896484e-01
3.783917129039764404e-01
2.853518724441528320e-01
3.645657300949096680e-01
3.752464652061462402e-01
3.567840158939361572e-01
3.004155158996582031e-01
3.554902970790863037e-01
3.480708897113800049e-01
3.310551345348358154e-01
3.402594625949859619e-01
3.066600263118743896e-01
2.754349410533905029e-01
3.720745444297790527e-01
3.901996314525604248e-01
3.544430732727050781e-01
3.122817873954772949e-01
3.496946096420288086e-01
3.520919680595397949e-01
2.823030948638916016e-01
3.155975341796875000e-01
3.183525800704956055e-01
2.759808897972106934e-01
3.475264310836791992e-01
3.249875307083129883e-01
3.160263895988464355e-01
3.193764090538024902e-01
3.375281691551208496e-01
3.798009753227233887e-01
3.606739044189453125e-01
3.090289235115051270e-01
3.215634822845458984e-01
3.085526227951049805e-01
3.299983441829681396e-01
3.471805453300476074e-01
3.626278042793273926e-01
3.053867220878601074e-01
3.446891009807586670e-01
3.110461831092834473e-01
3.473744988441467285e-01
3.223026692867279053e-01
3.445967733860015869e-01
3.318601846694946289e-01
2.812362313270568848e-01
2.855136990547180176e-01
3.564816713333129883e-01
3.308729529380798340e-01
3.509219884872436523e-01
3.738634288311004639e-01
3.191035389900207520e-01
3.482064306735992432e-01
3.241993784904479980e-01
3.634989857673645020e-01
3.447311520576477051e-01
3.208445310592651367e-01
3.251903951168060303e-01
3.060456812381744385e-01
3.379842638969421387e-01
3.476721942424774170e-01
3.836847245693206787e-01
3.450300991535186768e-01
3.307386040687561035e-01
3.066814541816711426e-01
3.372377157211303711e-01
2.974808812141418457e-01
3.239340484142303467e-01
3.384768366813659668e-01
3.075758218765258789e-01
2.849939465522766113e-01
3.059128522872924805e-01
3.621588349342346191e-01
3.080095052719116211e-01
2.823181152343750000e-01
3.228340446949005127e-01
3.479511141777038574e-01
3.239750266075134277e-01
3.167935609817504883e-01
2.978352904319763184e-01
3.638334870338439941e-01
3.240813910961151123e-01
3.576900959014892578e-01
3.228356242179870605e-01
3.032640814781188965e-01
3.685773015022277832e-01
3.040106594562530518e-01
2.654640376567840576e-01
3.166537284851074219e-01
2.754365205764770508e-01
2.878060936927795410e-01
3.043221831321716309e-01
3.070537447929382324e-01
2.939817011356353760e-01
2.961957454681396484e-01
2.610398530960083008e-01
2.909572124481201172e-01
2.960675656795501709e-01
2.762605547904968262e-01
2.776722013950347900e-01
2.999026775360107422e-01
3.125798702239990234e-01
3.083727359771728516e-01
2.932223677635192871e-01
2.706143260002136230e-01
2.922775745391845703e-01
2.360507547855377197e-01
3.045577406883239746e-01
2.718181312084197998e-01
3.001895248889923096e-01
3.024948239326477051e-01
2.642379105091094971e-01
2.927903532981872559e-01
3.042036890983581543e-01
3.068178296089172363e-01
2.457713037729263306e-01
2.591096758842468262e-01
2.732332646846771240e-01
2.755886316299438477e-01
3.160353302955627441e-01
3.109379112720489502e-01
2.909263074398040771e-01
2.580764293670654297e-01
2.373406141996383667e-01
3.062613606452941895e-01
3.082823753356933594e-01
2.887809276580810547e-01
2.747581005096435547e-01
2.684171199798583984e-01
2.436881363391876221e-01
2.952842712402343750e-01
3.131068944931030273e-01
2.534839510917663574e-01
3.122749328613281250e-01
2.928517460823059082e-01
3.074578940868377686e-01
2.835308611392974854e-01
2.861323356628417969e-01
3.248763084411621094e-01
2.650840282440185547e-01
2.950359284877777100e-01
2.863254845142364502e-01
2.623131573200225830e-01
3.069455623626708984e-01
2.912311255931854248e-01
2.976547479629516602e-01
2.742415070533752441e-01
2.690452933311462402e-01
2.568351030349731445e-01
3.195481598377227783e-01
2.989825606346130371e-01
2.856632471084594727e-01
3.062252998352050781e-01
2.902734875679016113e-01
3.255392313003540039e-01
2.700675129890441895e-01
3.223329782485961914e-01
2.798056006431579590e-01
2.617864608764648438e-01
2.908731698989868164e-01
2.424797862768173218e-01
2.564215064048767090e-01
2.935441136360168457e-01
3.011836409568786621e-01
2.825352251529693604e-01
2.772675156593322754e-01
2.747952342033386230e-01
2.470009326934814453e-01
3.055016994476318359e-01
2.942347526550292969e-01
3.438151776790618896e-01
2.696047425270080566e-01
2.388496994972229004e-01
3.291719555854797363e-01
2.777432501316070557e-01
2.957040667533874512e-01
2.675939202308654785e-01
2.591910660266876221e-01
2.490201443433761597e-01
3.136841058731079102e-01
3.001735806465148926e-01
2.498312890529632568e-01
2.275034934282302856e-01
2.945855259895324707e-01
2.903743982315063477e-01
3.010630011558532715e-01
2.261071801185607910e-01
2.423389405012130737e-01
2.742374837398529053e-01
3.094400465488433838e-01
2.938959598541259766e-01
2.529043555259704590e-01
2.812430560588836670e-01
2.804521024227142334e-01
2.634567320346832275e-01
2.839168906211853027e-01
2.458512485027313232e-01
2.783219814300537109e-01
2.762497365474700928e-01
2.688210010528564453e-01
2.872585058212280273e-01
2.529090046882629395e-01
2.666654288768768311e-01
2.551957964897155762e-01
2.738161683082580566e-01
3.087097406387329102e-01
2.800312638282775879e-01
2.456863224506378174e-01
3.401672542095184326e-01
2.404327243566513062e-01
2.251354455947875977e-01
2.775330543518066406e-01
2.525850832462310791e-01
2.456784099340438843e-01
2.853881120681762695e-01
2.263264060020446777e-01
2.580729126930236816e-01
2.278003990650177002e-01
2.474642097949981689e-01
3.027552366256713867e-01
2.499519884586334229e-01
2.356545627117156982e-01
2.699617445468902588e-01
2.222719788551330566e-01
2.868680357933044434e-01
2.542017698287963867e-01
2.239875793457031250e-01
2.308685779571533203e-01
2.372010499238967896e-01
2.474775016307830811e-01
2.859126925468444824e-01
2.371541261672973633e-01
3.193422555923461914e-01
2.143062800168991089e-01
2.627660036087036133e-01
2.591859698295593262e-01
2.818720638751983643e-01
2.861784100532531738e-01
2.230507731437683105e-01
2.764967083930969238e-01
2.384637445211410522e-01
2.709406018257141113e-01
2.450948208570480347e-01
2.275833487510681152e-01
2.501059174537658691e-01
2.655131220817565918e-01
2.775273621082305908e-01
2.761047780513763428e-01
2.530275285243988037e-01
2.526897192001342773e-01
2.531865537166595459e-01
2.719683647155761719e-01
2.701008915901184082e-01
2.693641781806945801e-01
2.393465191125869751e-01
2.491704672574996948e-01
2.570395469665527344e-01
2.768776416778564453e-01
2.983049750328063965e-01
2.436652779579162598e-01
2.695255875587463379e-01
2.194586694240570068e-01
2.532618045806884766e-01
2.633080482482910156e-01
2.598024010658264160e-01
2.065383493900299072e-01
2.828441560268402100e-01
2.049918770790100098e-01
2.822787165641784668e-01
2.450915277004241943e-01
2.321138679981231689e-01
2.864013314247131348e-01
2.399021387100219727e-01
2.482742071151733398e-01
2.337736785411834717e-01
2.528467178344726562e-01
2.094391435384750366e-01
2.322184443473815918e-01
2.587956786155700684e-01
2.709783315658569336e-01
2.267205119132995605e-01
2.437022328376770020e-01
2.570798695087432861e-01
2.273878455162048340e-01
2.373981922864913940e-01
2.974918186664581299e-01
2.303859144449234009e-01
2.347728759050369263e-01
2.250744998455047607e-01
2.478364109992980957e-01
2.095382958650588989e-01
3.004213273525238037e-01
2.064985185861587524e-01
2.491132915019989014e-01
2.608902752399444580e-01
2.222633063793182373e-01
2.307796329259872437e-01
2.235512882471084595e-01
2.799572348594665527e-01
2.572537660598754883e-01
3.069495558738708496e-01
2.378144413232803345e-01
2.391588091850280762e-01
2.368218749761581421e-01
2.218868434429168701e-01
2.701841890811920166e-01
1.786010265350341797e-01
2.446497678756713867e-01
2.070378065109252930e-01
2.463528960943222046e-01
2.810586988925933838e-01
2.234740257263183594e-01
2.531730532646179199e-01
2.748602330684661865e-01
2.334867119789123535e-01
2.112108170986175537e-01
2.299322634935379028e-01
2.693281173706054688e-01
2.516091763973236084e-01
2.124103158712387085e-01
1.967491507530212402e-01
2.317551970481872559e-01
2.477014660835266113e-01
2.378116846084594727e-01
2.094049602746963501e-01
2.709602415561676025e-01
2.624605596065521240e-01
2.051510810852050781e-01
2.481930553913116455e-01
2.282049357891082764e-01
2.122862935066223145e-01
2.335154414176940918e-01
2.020137012004852295e-01
2.143400013446807861e-01
2.346005737781524658e-01
2.005823701620101929e-01
2.176654040813446045e-01
2.088719606399536133e-01
2.321048378944396973e-01
2.061862945556640625e-01
2.347000539302825928e-01
2.442118972539901733e-01
2.238887101411819458e-01
2.132422775030136108e-01
2.466339468955993652e-01
2.080553472042083740e-01
2.170128077268600464e-01
2.139194011688232422e-01
2.273854911327362061e-01
2.080783396959304810e-01
2.049948424100875854e-01
2.090814709663391113e-01
2.037473171949386597e-01
2.262705564498901367e-01
2.258247435092926025e-01
2.379104197025299072e-01
2.547531127929687500e-01
2.329117059707641602e-01
2.336994260549545288e-01
2.382946908473968506e-01
2.236537188291549683e-01
2.555582225322723389e-01
2.114658802747726440e-01
2.078576982021331787e-01
2.454281598329544067e-01
1.920290291309356689e-01
2.097120881080627441e-01
2.164220660924911499e-01
1.941414624452590942e-01
1.887474060058593750e-01
2.004458904266357422e-01
2.412221878767013550e-01
2.279712408781051636e-01
2.023783028125762939e-01
2.418962121009826660e-01
2.251733839511871338e-01
2.037856578826904297e-01
2.045303583145141602e-01
2.241139113903045654e-01
1.901642531156539917e-01
2.257746756076812744e-01
2.016061842441558838e-01
2.285122573375701904e-01
2.035956233739852905e-01
1.898360103368759155e-01
2.397509962320327759e-01
2.218306362628936768e-01
2.238037586212158203e-01
2.062744498252868652e-01
2.438546121120452881e-01
2.111988365650177002e-01
2.256597280502319336e-01
2.299624830484390259e-01
2.281696498394012451e-01
1.973005831241607666e-01
1.915657073259353638e-01
2.591710090637207031e-01
2.393341362476348877e-01
1.915021538734436035e-01
2.082143723964691162e-01
2.222940027713775635e-01
1.867820620536804199e-01
2.146092355251312256e-01
2.156575769186019897e-01
2.106738239526748657e-01
1.900759935379028320e-01
2.108879983425140381e-01
2.298746109008789062e-01
2.240235060453414917e-01
2.292412370443344116e-01
2.034157961606979370e-01
2.253290116786956787e-01
2.027159035205841064e-01
2.209715992212295532e-01
2.132927179336547852e-01
2.459375113248825073e-01
1.967392414808273315e-01
1.894183158874511719e-01
2.396040558815002441e-01
1.942858099937438965e-01
2.049904465675354004e-01
1.939921975135803223e-01
2.050180733203887939e-01
2.023538351058959961e-01
1.705213338136672974e-01
1.704403162002563477e-01
1.747488081455230713e-01
1.851104795932769775e-01
2.146545499563217163e-01
1.964959800243377686e-01
1.857495307922363281e-01
1.972603201866149902e-01
1.994380354881286621e-01
2.172277718782424927e-01
1.959023773670196533e-01
1.914938688278198242e-01
2.114399075508117676e-01
1.962752938270568848e-01
1.991224884986877441e-01
2.261238694190979004e-01
2.165507823228836060e-01
2.193355113267898560e-01
1.636217534542083740e-01
1.776268184185028076e-01
1.956323385238647461e-01
2.059428095817565918e-01
1.971030235290527344e-01
1.950060129165649414e-01
2.262843698263168335e-01
1.916969120502471924e-01
2.351879924535751343e-01
1.876437664031982422e-01
2.173155844211578369e-01
1.911605447530746460e-01
2.173037230968475342e-01
2.008284330368041992e-01
1.810770928859710693e-01
2.236342430114746094e-01
1.997072994709014893e-01
1.909150779247283936e-01
1.889404207468032837e-01
2.239980101585388184e-01
1.748936474323272705e-01
2.071298956871032715e-01
2.070214450359344482e-01
1.869922727346420288e-01
2.051670551300048828e-01
2.066964507102966309e-01
2.133437544107437134e-01
1.636141836643218994e-01
1.827458292245864868e-01
1.746511161327362061e-01
1.645355075597763062e-01
1.790275871753692627e-01
1.867081820964813232e-01
1.790670752525329590e-01
2.232827693223953247e-01
1.691360771656036377e-01
1.770841181278228760e-01
1.814516931772232056e-01
1.922682076692581177e-01
2.012708038091659546e-01
1.711014807224273682e-01
2.032920122146606445e-01
1.852363646030426025e-01
2.011760473251342773e-01
1.974651813507080078e-01
2.273500561714172363e-01
1.667814552783966064e-01
1.907691061496734619e-01
1.740851700305938721e-01
2.122538536787033081e-01
1.862805187702178955e-01
1.645769029855728149e-01
2.006066888570785522e-01
1.909811794757843018e-01
1.823726147413253784e-01
1.921970993280410767e-01
2.073223888874053955e-01
1.934802234172821045e-01
2.002993226051330566e-01
1.933720856904983521e-01
1.658542305231094360e-01
1.777932345867156982e-01
1.817017346620559692e-01
1.831650733947753906e-01
1.870224177837371826e-01
2.227368056774139404e-01
1.714639216661453247e-01
1.852070093154907227e-01
1.879971027374267578e-01
1.842806339263916016e-01
1.991689801216125488e-01
1.739258170127868652e-01
2.138795703649520874e-01
1.931400895118713379e-01
1.923314183950424194e-01
1.923657357692718506e-01
1.892152428627014160e-01
1.889954954385757446e-01
1.824695765972137451e-01
1.725901216268539429e-01
1.836288273334503174e-01
1.967903077602386475e-01
1.569188833236694336e-01
1.800200641155242920e-01
1.826476454734802246e-01
2.038483321666717529e-01
1.776380240917205811e-01
2.085399925708770752e-01
1.975604742765426636e-01
1.861902475357055664e-01
1.749515682458877563e-01
2.021528482437133789e-01
1.773411631584167480e-01
1.617828756570816040e-01
1.702205091714859009e-01
1.866321116685867310e-01
2.006289064884185791e-01
1.678855717182159424e-01
1.695342808961868286e-01
1.919619441032409668e-01
1.852276772260665894e-01
1.901909410953521729e-01
1.736376285552978516e-01
1.730461716651916504e-01
1.765843629837036133e-01
1.714445650577545166e-01
1.475264132022857666e-01
2.012751102447509766e-01
1.947624981403350830e-01
1.706828176975250244e-01
1.436767876148223877e-01
1.967757493257522583e-01
1.840250343084335327e-01
1.905348598957061768e-01
2.013522386550903320e-01
1.786883920431137085e-01
1.847819685935974121e-01
1.819638907909393311e-01
1.972012370824813843e-01
1.722705513238906860e-01
1.654849797487258911e-01
1.406247615814208984e-01
1.983893662691116333e-01
1.862236857414245605e-01
1.956018507480621338e-01
1.913783550262451172e-01
1.617371439933776855e-01
1.761090308427810669e-01
1.719824671745300293e-01
1.704996228218078613e-01
1.961751878261566162e-01
1.794701218605041504e-01
1.801180392503738403e-01
1.565751433372497559e-01
1.682749688625335693e-01
1.860374957323074341e-01
1.982404142618179321e-01
1.859412491321563721e-01
1.754229217767715454e-01
1.526996791362762451e-01
1.562758833169937134e-01
1.750118583440780640e-01
2.037634998559951782e-01
1.621656417846679688e-01
1.805195361375808716e-01
1.601774990558624268e-01
1.697808802127838135e-01
1.986303627490997314e-01
1.680528670549392700e-01
1.776231229305267334e-01
1.892596483230590820e-01
1.841319352388381958e-01
1.522843092679977417e-01
1.534414589405059814e-01
1.747018396854400635e-01
1.465013325214385986e-01
1.523295938968658447e-01
1.603065133094787598e-01
1.694231480360031128e-01
1.734213829040527344e-01
1.492733806371688843e-01
1.451214551925659180e-01
1.516123861074447632e-01
1.622213125228881836e-01
1.667402535676956177e-01
1.654834300279617310e-01
1.532760709524154663e-01
1.579517871141433716e-01
1.658433377742767334e-01
1.895788013935089111e-01
1.813396215438842773e-01
1.763405203819274902e-01
1.612616181373596191e-01
1.560484617948532104e-01
1.672304272651672363e-01
1.570874750614166260e-01
1.611826717853546143e-01
1.522341966629028320e-01
1.451933234930038452e-01
1.617682576179504395e-01
1.692885756492614746e-01
1.663568317890167236e-01
1.602728664875030518e-01
1.660988777875900269e-01
1.574414074420928955e-01
1.843257695436477661e-01
1.595569550991058350e-01
1.693817824125289917e-01
1.451868712902069092e-01
1.685270369052886963e-01
1.420510560274124146e-01
1.881604194641113281e-01
1.464449912309646606e-01
1.449996531009674072e-01
1.463452279567718506e-01
1.513211429119110107e-01
1.619200706481933594e-01
1.507721543312072754e-01
1.617922782897949219e-01
1.618559360504150391e-01
1.493123620748519897e-01
1.697557866573333740e-01
1.536594331264495850e-01
1.312296837568283081e-01
1.838020533323287964e-01
1.700263470411300659e-01
1.604110002517700195e-01
1.475792825222015381e-01
1.540929973125457764e-01
1.348571926355361938e-01
1.505421400070190430e-01
1.674813926219940186e-01
1.553778350353240967e-01
1.584454774856567383e-01
1.506461650133132935e-01
1.712586581707000732e-01
1.545398831367492676e-01
1.356041878461837769e-01
1.489619314670562744e-01
1.583993136882781982e-01
1.617519259452819824e-01
1.472475677728652954e-01
1.498250961303710938e-01
1.484748721122741699e-01
1.547732353210449219e-01
1.803421676158905029e-01
1.423223763704299927e-01
1.509509980678558350e-01
1.385333240032196045e-01
1.487150192260742188e-01
1.636518836021423340e-01
1.592117398977279663e-01
1.304113566875457764e-01
1.438657939434051514e-01
1.584950685501098633e-01
1.329656839370727539e-01
1.462116241455078125e-01
1.502973139286041260e-01
1.462920308113098145e-01
1.386424452066421509e-01
1.458176672458648682e-01
1.615785956382751465e-01
1.428218781948089600e-01
1.539698094129562378e-01
1.787353456020355225e-01
1.787081360816955566e-01
1.671468913555145264e-01
1.451634168624877930e-01
1.494480669498443604e-01
1.412754654884338379e-01
1.384403109550476074e-01
1.369491368532180786e-01
1.471397131681442261e-01
1.469444930553436279e-01
1.684394478797912598e-01
1.414108276367187500e-01
1.518901288509368896e-01
1.534806787967681885e-01
1.461498439311981201e-01
1.751670539379119873e-01
1.577523052692413330e-01
1.549473702907562256e-01
1.500001251697540283e-01
1.495018303394317627e-01
1.655738651752471924e-01
1.382620781660079956e-01
1.530310511589050293e-01
1.894447356462478638e-01
1.507508456707000732e-01
1.531293094158172607e-01
1.302106976509094238e-01
1.413807868957519531e-01
1.328315138816833496e-01
1.637497246265411377e-01
1.526862233877182007e-01
1.487247794866561890e-01
1.666093170642852783e-01
1.479371190071105957e-01
1.403009146451950073e-01
1.265040040016174316e-01
1.378489285707473755e-01
1.481921225786209106e-01
1.502873301506042480e-01
1.554259061813354492e-01
1.569690853357315063e-01
1.424060761928558350e-01
1.444057226181030273e-01
1.490081846714019775e-01
1.469911038875579834e-01
1.304742097854614258e-01
1.251269280910491943e-01
1.520771533250808716e-01
1.479403227567672729e-01
1.600532233715057373e-01
1.364517807960510254e-01
1.472034454345703125e-01
1.588837504386901855e-01
1.387967318296432495e-01
1.376063972711563110e-01
1.376925408840179443e-01
1.380895376205444336e-01
1.283353567123413086e-01
1.587871909141540527e-01
1.397037208080291748e-01
1.625702232122421265e-01
1.433394551277160645e-01
1.427876651287078857e-01
1.511416137218475342e-01
1.363653838634490967e-01
1.295849680900573730e-01
1.465183794498443604e-01
1.379217207431793213e-01
1.344736367464065552e-01
1.382386386394500732e-01
1.328414380550384521e-01
1.341515183448791504e-01
1.329116821289062500e-01
1.683585643768310547e-01
1.305967569351196289e-01
1.595936864614486694e-01
1.327345967292785645e-01
1.452619135379791260e-01
1.573848426342010498e-01
1.565677374601364136e-01
1.443178057670593262e-01
1.355056911706924438e-01
1.403572261333465576e-01
1.167498081922531128e-01
1.466554999351501465e-01
1.433271765708923340e-01
1.299513578414916992e-01
1.215651482343673706e-01
1.313240528106689453e-01
1.251707673072814941e-01
1.377728432416915894e-01
1.459258794784545898e-01
1.375155150890350342e-01
1.287814974784851074e-01
1.189694777131080627e-01
1.318204998970031738e-01
1.361272931098937988e-01
1.367389857769012451e-01
1.469474434852600098e-01
1.435472518205642700e-01
1.288097798824310303e-01
1.546723246574401855e-01
1.434102207422256470e-01
1.499454826116561890e-01
1.265964508056640625e-01
1.215819939970970154e-01
1.365622580051422119e-01
1.382756233215332031e-01
1.307542026042938232e-01
1.376380920410156250e-01
1.438509374856948853e-01
1.359783262014389038e-01
1.428995728492736816e-01
1.416004002094268799e-01
1.224333718419075012e-01
1.142903566360473633e-01
1.231685578823089600e-01
1.328428983688354492e-01
1.304581761360168457e-01
1.290290057659149170e-01
1.264909803867340088e-01
1.178353130817413330e-01
1.506185829639434814e-01
1.339845061302185059e-01
1.313164681196212769e-01
1.320600509643554688e-01
1.171277835965156555e-01
1.382268816232681274e-01
1.175867617130279541e-01
1.287025213241577148e-01
1.605668663978576660e-01
1.283421814441680908e-01
1.301568001508712769e-01
1.551277339458465576e-01
1.353783160448074341e-01
1.190299689769744873e-01
1.350088566541671753e-01
1.291825324296951294e-01
1.304114609956741333e-01
1.357078552246093750e-01
1.120272129774093628e-01
1.327634155750274658e-01
1.092800945043563843e-01
1.198594868183135986e-01
1.238136440515518188e-01
1.295007914304733276e-01
1.182325556874275208e-01
1.175626665353775024e-01
1.273802220821380615e-01
1.414465904235839844e-01
1.235973089933395386e-01
1.252554655075073242e-01
1.237015575170516968e-01
1.059374138712882996e-01
1.208714097738265991e-01
1.192513108253479004e-01
1.120791435241699219e-01
1.148613914847373962e-01
1.176679432392120361e-01
1.015654653310775757e-01
1.457043588161468506e-01
1.232920140027999878e-01
1.311610192060470581e-01
1.308873444795608521e-01
1.201228052377700806e-01
1.158064603805541992e-01
1.271236985921859741e-01
1.336017251014709473e-01
1.316824257373809814e-01
1.119442805647850037e-01
1.507160067558288574e-01
1.251707673072814941e-01
1.261204779148101807e-01
1.120683550834655762e-01
1.297590583562850952e-01
1.030662506818771362e-01
1.301222443580627441e-01
1.315619647502899170e-01
1.247268766164779663e-01
1.333900988101959229e-01
1.186333522200584412e-01
1.100623905658721924e-01
1.332773566246032715e-01
1.310314536094665527e-01
1.161355376243591309e-01
1.329503804445266724e-01
1.217561960220336914e-01
1.107232347130775452e-01
1.261185407638549805e-01
1.195237338542938232e-01
1.173579394817352295e-01
1.342840194702148438e-01
1.172295957803726196e-01
1.131836175918579102e-01
1.236255317926406860e-01
1.149103641510009766e-01
1.299569308757781982e-01
1.192070692777633667e-01
1.104615330696105957e-01
1.259881108999252319e-01
1.229384541511535645e-01
1.179678291082382202e-01
1.218865215778350830e-01
1.081835851073265076e-01
1.201116889715194702e-01
1.067934855818748474e-01
1.096149832010269165e-01
1.161921918392181396e-01
1.056875661015510559e-01
1.158038675785064697e-01
1.111843958497047424e-01
9.295535832643508911e-02
1.290735602378845215e-01
1.227333992719650269e-01
1.332370638847351074e-01
1.230603754520416260e-01
1.096469908952713013e-01
1.087312474846839905e-01
1.080687046051025391e-01
1.153659746050834656e-01
1.070707142353057861e-01
9.885436296463012695e-02
1.178696602582931519e-01
1.174702644348144531e-01
1.289194524288177490e-01
1.102198809385299683e-01
1.220071017742156982e-01
1.103981882333755493e-01
1.108016222715377808e-01
1.244698464870452881e-01
9.694045782089233398e-02
1.177440881729125977e-01
1.131885722279548645e-01
1.073820292949676514e-01
9.534897655248641968e-02
1.039137542247772217e-01
1.019277572631835938e-01
1.136174350976943970e-01
1.181946396827697754e-01
1.241741478443145752e-01
1.198699325323104858e-01
1.169520691037178040e-01
1.101784855127334595e-01
9.705206751823425293e-02
1.114417761564254761e-01
1.085867583751678467e-01
1.088983193039894104e-01
1.189764291048049927e-01
1.193857789039611816e-01
1.131893247365951538e-01
1.223053485155105591e-01
1.157484650611877441e-01
1.092754155397415161e-01
1.186619102954864502e-01
1.255073547363281250e-01
1.192618608474731445e-01
1.093482822179794312e-01
1.097971200942993164e-01
1.143935769796371460e-01
1.034912765026092529e-01
9.397685527801513672e-02
9.806139767169952393e-02
1.023653075098991394e-01
1.148056983947753906e-01
9.901164472103118896e-02
1.049475744366645813e-01
1.012821123003959656e-01
1.148141548037528992e-01
1.093684434890747070e-01
1.130173802375793457e-01
9.438139200210571289e-02
1.021184325218200684e-01
1.110953092575073242e-01
9.666306525468826294e-02
1.105143576860427856e-01
1.171628534793853760e-01
1.071104779839515686e-01
1.136066168546676636e-01
1.199698150157928467e-01
9.978796541690826416e-02
1.009168773889541626e-01
1.018037348985671997e-01
1.197053939104080200e-01
9.451291710138320923e-02
1.051153838634490967e-01
1.152655705809593201e-01
1.311522424221038818e-01
1.039658412337303162e-01
1.117561757564544678e-01
1.026363223791122437e-01
9.221572428941726685e-02
1.048081964254379272e-01
1.205977052450180054e-01
9.996139258146286011e-02
1.111209392547607422e-01
1.143046244978904724e-01
1.117115765810012817e-01
9.391243755817413330e-02
1.083181053400039673e-01
1.185262799263000488e-01
1.099093332886695862e-01
8.905465900897979736e-02
1.074189692735671997e-01
9.167255461215972900e-02
8.906199783086776733e-02
1.032020375132560730e-01
1.021475717425346375e-01
1.015206575393676758e-01
1.028959527611732483e-01
1.042350083589553833e-01
1.207893863320350647e-01
1.040237396955490112e-01
1.159764677286148071e-01
1.016140431165695190e-01
1.018974334001541138e-01
1.066122800111770630e-01
1.003648191690444946e-01
8.136039227247238159e-02
9.580868482589721680e-02
1.014284715056419373e-01
1.042983531951904297e-01
1.164631992578506470e-01
8.575243502855300903e-02
1.102110370993614197e-01
1.045776903629302979e-01
1.039980053901672363e-01
1.040486395359039307e-01
9.895373135805130005e-02
1.015802621841430664e-01
1.082077100872993469e-01
1.008141711354255676e-01
9.811415523290634155e-02
1.129729002714157104e-01
1.013153493404388428e-01
9.662708640098571777e-02
1.031644195318222046e-01
1.006678491830825806e-01
9.991422295570373535e-02
9.658753871917724609e-02
9.979088604450225830e-02
9.182585775852203369e-02
1.075749397277832031e-01
1.188249513506889343e-01
1.069683507084846497e-01
1.045781224966049194e-01
1.025399714708328247e-01
1.067085713148117065e-01
1.050763502717018127e-01
8.880104124546051025e-02
9.108280390501022339e-02
9.510132670402526855e-02
9.237295389175415039e-02
7.927981764078140259e-02
8.424155414104461670e-02
1.000428944826126099e-01
9.678846597671508789e-02
8.997607976198196411e-02
9.471802413463592529e-02
8.856403827667236328e-02
1.042135953903198242e-01
1.008879095315933228e-01
1.058704927563667297e-01
1.007422953844070435e-01
9.338320791721343994e-02
1.128628402948379517e-01
9.313273429870605469e-02
9.152176976203918457e-02
1.084316521883010864e-01
8.762034773826599121e-02
1.084336191415786743e-01
1.012962982058525085e-01
9.722484648227691650e-02
8.919484913349151611e-02
9.515126049518585205e-02
9.348002076148986816e-02
9.127274155616760254e-02
9.141068905591964722e-02
1.041084304451942444e-01
1.028400212526321411e-01
8.412632346153259277e-02
1.078978329896926880e-01
1.051040738821029663e-01
8.306793868541717529e-02
1.096236854791641235e-01
1.052419617772102356e-01
8.448559045791625977e-02
1.023759245872497559e-01
8.532104641199111938e-02
9.222640097141265869e-02
9.448720514774322510e-02
1.016958951950073242e-01
9.830302000045776367e-02
9.370753169059753418e-02
8.458805084228515625e-02
1.049804389476776123e-01
9.426322579383850098e-02
8.847869932651519775e-02
9.908689558506011963e-02
1.012187600135803223e-01
8.436229825019836426e-02
8.441863954067230225e-02
9.924457967281341553e-02
9.578680992126464844e-02
9.206069260835647583e-02
8.980750292539596558e-02
9.135608375072479248e-02
1.039204075932502747e-01
9.004133194684982300e-02
1.001787185668945312e-01
9.033542871475219727e-02
1.027656495571136475e-01
9.763191640377044678e-02
9.339667111635208130e-02
8.670894056558609009e-02
9.013710916042327881e-02
9.116141498088836670e-02
9.291563928127288818e-02
8.158576488494873047e-02
8.966509252786636353e-02
9.510705620050430298e-02
8.722299337387084961e-02
9.171323478221893311e-02
8.490050584077835083e-02
8.413480222225189209e-02
9.767511487007141113e-02
1.067181527614593506e-01
9.486056119203567505e-02
8.344185352325439453e-02
8.406668901443481445e-02
8.022817224264144897e-02
9.422370046377182007e-02
8.463433384895324707e-02
9.892100095748901367e-02
8.892609179019927979e-02
8.699840307235717773e-02
8.724643290042877197e-02
8.195742964744567871e-02
8.877545595169067383e-02
9.358093142509460449e-02
9.144350141286849976e-02
8.789217472076416016e-02
9.214138984680175781e-02
9.446910768747329712e-02
8.297930657863616943e-02
7.742381095886230469e-02
8.355008065700531006e-02
7.948452234268188477e-02
8.812221884727478027e-02
9.046085178852081299e-02
9.308112412691116333e-02
6.907188892364501953e-02
8.385244011878967285e-02
9.802412986755371094e-02
9.079771488904953003e-02
8.783076703548431396e-02
9.657949209213256836e-02
8.790691941976547241e-02
8.488313108682632446e-02
8.394262194633483887e-02
9.907152503728866577e-02
8.026793599128723145e-02
7.526592910289764404e-02
7.759662717580795288e-02
7.241392135620117188e-02
8.789338171482086182e-02
9.784884750843048096e-02
8.357520401477813721e-02
8.847593516111373901e-02
9.214537590742111206e-02
8.600646257400512695e-02
8.189173787832260132e-02
9.271326661109924316e-02
8.423800766468048096e-02
9.020173549652099609e-02
8.544478565454483032e-02
7.025603950023651123e-02
9.357753396034240723e-02
8.513713628053665161e-02
8.471088111400604248e-02
8.902993798255920410e-02
8.061678707599639893e-02
9.565190970897674561e-02
9.485239535570144653e-02
9.561717510223388672e-02
8.204641193151473999e-02
8.940723538398742676e-02
9.737022221088409424e-02
9.880161285400390625e-02
9.845297783613204956e-02
7.988814264535903931e-02
8.341683447360992432e-02
9.174023568630218506e-02
8.547240495681762695e-02
9.384271502494812012e-02
9.917648136615753174e-02
8.350185304880142212e-02
8.060948550701141357e-02
8.316247910261154175e-02
8.487870544195175171e-02
7.265539467334747314e-02
7.333742082118988037e-02
7.658402621746063232e-02
8.569365739822387695e-02
9.799273312091827393e-02
7.283262908458709717e-02
7.890707254409790039e-02
7.789623737335205078e-02
8.867202699184417725e-02
8.234988152980804443e-02
8.847934752702713013e-02
7.361435890197753906e-02
9.079595655202865601e-02
8.281525224447250366e-02
7.854701578617095947e-02
7.927282154560089111e-02
1.028162911534309387e-01
8.127269148826599121e-02
7.941511273384094238e-02
7.986147701740264893e-02
7.396590709686279297e-02
8.225412666797637939e-02
8.759026229381561279e-02
6.912179291248321533e-02
7.691641151905059814e-02
7.475624233484268188e-02
8.233331888914108276e-02
7.740054279565811157e-02
6.592962890863418579e-02
7.236281037330627441e-02
8.143841475248336792e-02
7.770912349224090576e-02
7.811053097248077393e-02
8.416680246591567993e-02
8.066612482070922852e-02
8.695714175701141357e-02
8.260153234004974365e-02
7.517010718584060669e-02
7.259859144687652588e-02
7.964970916509628296e-02
7.998703420162200928e-02
9.379291534423828125e-02
7.402898371219635010e-02
7.688387483358383179e-02
7.875866442918777466e-02
8.111894130706787109e-02
7.855722308158874512e-02
7.891418784856796265e-02
8.312992751598358154e-02
8.887888491153717041e-02
7.523751258850097656e-02
8.038206398487091064e-02
7.534927874803543091e-02
8.757291734218597412e-02
8.392289280891418457e-02
8.309312164783477783e-02
8.324916660785675049e-02
7.756721973419189453e-02
7.617229223251342773e-02
6.958235800266265869e-02
8.063268661499023438e-02
8.029391616582870483e-02
7.896669209003448486e-02
7.799504697322845459e-02
8.952788263559341431e-02
7.290437817573547363e-02
8.455315232276916504e-02
7.940739393234252930e-02
6.582859903573989868e-02
8.427456766366958618e-02
7.826870679855346680e-02
7.798343896865844727e-02
8.442439138889312744e-02
7.800187170505523682e-02
6.853418052196502686e-02
7.519304007291793823e-02
6.801812350749969482e-02
6.483548134565353394e-02
7.172410190105438232e-02
7.299551367759704590e-02
7.788375020027160645e-02
7.759033143520355225e-02
7.526381313800811768e-02
7.207286357879638672e-02
7.520297169685363770e-02
8.107072860002517700e-02
7.544842362403869629e-02
5.899917334318161011e-02
7.005023956298828125e-02
7.299040257930755615e-02
7.656988501548767090e-02
7.294510304927825928e-02
7.208730280399322510e-02
8.536096662282943726e-02
7.841724157333374023e-02
6.853527575731277466e-02
7.445202767848968506e-02
7.052400708198547363e-02
6.687070429325103760e-02
8.347982168197631836e-02
7.494069635868072510e-02
8.222360908985137939e-02
8.568181097507476807e-02
7.224720716476440430e-02
7.466632127761840820e-02
7.302270829677581787e-02
7.850284874439239502e-02
7.806141674518585205e-02
7.873457670211791992e-02
7.325209677219390869e-02
7.224731892347335815e-02
7.005516439676284790e-02
7.402227818965911865e-02
7.455413043498992920e-02
7.124236971139907837e-02
8.008107542991638184e-02
8.219061791896820068e-02
7.274125516414642334e-02
6.684415787458419800e-02
6.707678735256195068e-02
7.855378091335296631e-02
7.484717667102813721e-02
7.513375580310821533e-02
6.890785694122314453e-02
7.551500201225280762e-02
6.375841051340103149e-02
7.318228483200073242e-02
6.855508685111999512e-02
6.776320934295654297e-02
6.350101530551910400e-02
6.705364584922790527e-02
7.448893785476684570e-02
6.983359158039093018e-02
6.879821419715881348e-02
7.255005836486816406e-02
7.449777424335479736e-02
7.198344916105270386e-02
7.319198548793792725e-02
7.896947860717773438e-02
6.519199907779693604e-02
6.430856138467788696e-02
6.892575323581695557e-02
6.605459004640579224e-02
6.225042045116424561e-02
6.554785370826721191e-02
7.066614180803298950e-02
6.680311262607574463e-02
7.093842327594757080e-02
7.387387752532958984e-02
6.745401024818420410e-02
7.268095016479492188e-02
7.289320230484008789e-02
5.074584111571311951e-02
6.917397677898406982e-02
6.442526727914810181e-02
6.179765239357948303e-02
5.375096201896667480e-02
7.193327695131301880e-02
8.346097171306610107e-02
7.137714326381683350e-02
6.624171882867813110e-02
6.634194403886795044e-02
6.192193180322647095e-02
6.385000795125961304e-02
5.434270948171615601e-02
7.631291449069976807e-02
6.618135422468185425e-02
7.493241131305694580e-02
6.152812391519546509e-02
6.990811228752136230e-02
7.346013188362121582e-02
7.191190868616104126e-02
7.915985584259033203e-02
5.983346328139305115e-02
6.731060147285461426e-02
6.420539319515228271e-02
6.873185932636260986e-02
7.047523558139801025e-02
6.493330746889114380e-02
6.621430814266204834e-02
5.744712799787521362e-02
6.259470432996749878e-02
6.501880288124084473e-02
7.138910889625549316e-02
6.350584328174591064e-02
6.885824352502822876e-02
7.409760355949401855e-02
6.582015752792358398e-02
6.280777603387832642e-02
6.970810890197753906e-02
6.327266991138458252e-02
6.552720814943313599e-02
6.168266385793685913e-02
7.348750531673431396e-02
6.290172785520553589e-02
6.282596290111541748e-02
6.719969213008880615e-02
6.674192845821380615e-02
7.039110362529754639e-02
7.141879200935363770e-02
7.440318167209625244e-02
6.458674371242523193e-02
6.754304468631744385e-02
7.126560807228088379e-02
6.771419942378997803e-02
6.787204742431640625e-02
6.473273038864135742e-02
6.924373656511306763e-02
6.161329522728919983e-02
6.928990781307220459e-02
5.948942154645919800e-02
6.630282104015350342e-02
6.419859826564788818e-02
7.894553244113922119e-02
6.485913693904876709e-02
6.313137710094451904e-02
6.403796374797821045e-02
6.597997248172760010e-02
6.748631596565246582e-02
6.337027996778488159e-02
5.735938996076583862e-02
7.140077650547027588e-02
6.373704969882965088e-02
6.089654937386512756e-02
5.891919136047363281e-02
6.294347345829010010e-02
5.814028531312942505e-02
5.871040001511573792e-02
6.189146265387535095e-02
7.401447743177413940e-02
5.633064359426498413e-02
6.290556490421295166e-02
5.840676650404930115e-02
5.626811832189559937e-02
6.609395146369934082e-02
6.400299817323684692e-02
5.923492833971977234e-02
5.623642727732658386e-02
6.582446396350860596e-02
5.993761122226715088e-02
6.267404556274414062e-02
6.341645866632461548e-02
6.316423416137695312e-02
5.916988104581832886e-02
6.144723668694496155e-02
6.592938303947448730e-02
6.234718486666679382e-02
6.826855242252349854e-02
6.047634407877922058e-02
5.335658416152000427e-02
6.175771728157997131e-02
6.123686954379081726e-02
6.351372599601745605e-02
7.095089554786682129e-02
7.061053812503814697e-02
5.349471047520637512e-02
5.603407323360443115e-02
5.645408481359481812e-02
6.863914430141448975e-02
6.435680389404296875e-02
5.580721423029899597e-02
5.412011593580245972e-02
5.718122422695159912e-02
5.678441375494003296e-02
5.622633546590805054e-02
6.384803354740142822e-02
5.654458701610565186e-02
5.694851279258728027e-02
5.602446570992469788e-02
6.332941353321075439e-02
6.577999144792556763e-02
5.770669132471084595e-02
5.218980461359024048e-02
5.852337181568145752e-02
6.630207598209381104e-02
5.757242441177368164e-02
5.314345657825469971e-02
6.574895977973937988e-02
6.945393979549407959e-02
6.573145091533660889e-02
6.124923005700111389e-02
6.371491402387619019e-02
5.880220606923103333e-02
5.636138096451759338e-02
6.847282499074935913e-02
5.942172557115554810e-02
5.874552577733993530e-02
6.476461887359619141e-02
5.321224778890609741e-02
5.395349115133285522e-02
5.380938947200775146e-02
5.453312024474143982e-02
5.132140219211578369e-02
5.824794620275497437e-02
5.836573988199234009e-02
5.253035202622413635e-02
5.605842918157577515e-02
6.472251564264297485e-02
6.941270828247070312e-02
5.552083998918533325e-02
5.835277587175369263e-02
5.967113375663757324e-02
7.079061865806579590e-02
6.383785605430603027e-02
5.850185453891754150e-02
6.600096821784973145e-02
5.496630072593688965e-02
5.386228859424591064e-02
6.108064949512481689e-02
5.971615761518478394e-02
6.289333105087280273e-02
5.840725451707839966e-02
5.678125470876693726e-02
5.754186958074569702e-02
5.918965116143226624e-02
6.125386804342269897e-02
5.566860735416412354e-02
6.312637776136398315e-02
5.554643273353576660e-02
5.480642616748809814e-02
5.620975792407989502e-02
6.121534109115600586e-02
5.637280642986297607e-02
5.399614572525024414e-02
5.578120052814483643e-02
5.311428755521774292e-02
5.782686918973922729e-02
5.823384970426559448e-02
5.422168597579002380e-02
6.860470026731491089e-02
5.708791688084602356e-02
5.532786250114440918e-02
5.781697481870651245e-02
6.254346668720245361e-02
5.350711196660995483e-02
5.223214626312255859e-02
5.826953798532485962e-02
5.538337677717208862e-02
6.837866455316543579e-02
5.325847864151000977e-02
5.545916780829429626e-02
5.912362784147262573e-02
5.306383222341537476e-02
5.462124571204185486e-02
5.573496967554092407e-02
5.254023522138595581e-02
5.706995725631713867e-02
6.000469252467155457e-02
5.145411193370819092e-02
5.054041743278503418e-02
5.872489139437675476e-02
6.129234656691551208e-02
5.739480257034301758e-02
5.567464232444763184e-02
5.236227810382843018e-02
5.452303960919380188e-02
5.462863296270370483e-02
5.723376944661140442e-02
5.959208309650421143e-02
4.825942963361740112e-02
5.505253374576568604e-02
5.347507074475288391e-02
5.407659709453582764e-02
5.144324898719787598e-02
6.132555007934570312e-02
4.479530453681945801e-02
4.964594542980194092e-02
5.749895423650741577e-02
5.234699323773384094e-02
7.023234665393829346e-02
5.368186533451080322e-02
5.717542394995689392e-02
4.674311354756355286e-02
4.956997931003570557e-02
5.342097580432891846e-02
5.735206604003906250e-02
5.463463068008422852e-02
5.607743188738822937e-02
5.572489649057388306e-02
4.654159024357795715e-02
5.288996547460556030e-02
4.986416548490524292e-02
5.887120217084884644e-02
5.348852649331092834e-02
4.892303422093391418e-02
5.761711299419403076e-02
5.067977309226989746e-02
5.341894924640655518e-02
5.133452266454696655e-02
5.198001116514205933e-02
5.365133285522460938e-02
5.235532298684120178e-02
5.090640485286712646e-02
4.656024649739265442e-02
6.155589967966079712e-02
5.132327973842620850e-02
4.957238957285881042e-02
5.359601974487304688e-02
5.578493326902389526e-02
5.225077271461486816e-02
5.313665047287940979e-02
5.487421154975891113e-02
5.238214880228042603e-02
5.943250656127929688e-02
5.391791462898254395e-02
5.131163448095321655e-02
5.348499119281768799e-02
5.197400972247123718e-02
5.483184754848480225e-02
5.240622907876968384e-02
5.252656713128089905e-02
5.105029791593551636e-02
4.844206571578979492e-02
5.423506349325180054e-02
5.533498525619506836e-02
4.861620068550109863e-02
5.226189643144607544e-02
5.518327653408050537e-02
5.648235231637954712e-02
5.356002599000930786e-02
7.069629430770874023e-02
4.829681664705276489e-02
5.501728877425193787e-02
5.220055207610130310e-02
5.386625230312347412e-02
5.190818756818771362e-02
5.268625542521476746e-02
5.227217450737953186e-02
5.297357961535453796e-02
5.229374766349792480e-02
5.536631122231483459e-02
5.611912161111831665e-02
4.338200390338897705e-02
4.866436123847961426e-02
4.673746973276138306e-02
5.185472965240478516e-02
4.863577336072921753e-02
4.192984849214553833e-02
4.887894541025161743e-02
5.093748494982719421e-02
4.945890605449676514e-02
4.651039838790893555e-02
4.374662414193153381e-02
4.821832850575447083e-02
5.258290097117424011e-02
5.555678904056549072e-02
4.978593811392784119e-02
5.531112477183341980e-02
4.465718194842338562e-02
4.858791828155517578e-02
5.913272872567176819e-02
5.507667362689971924e-02
5.226988345384597778e-02
4.960509389638900757e-02
5.188497900962829590e-02
4.200303182005882263e-02
4.697134718298912048e-02
4.913447052240371704e-02
5.210664123296737671e-02
4.743834212422370911e-02
5.352444201707839966e-02
4.814679920673370361e-02
5.486364290118217468e-02
5.624595656991004944e-02
4.451103508472442627e-02
4.417213797569274902e-02
4.430370032787322998e-02
5.289421975612640381e-02
4.426659643650054932e-02
4.032935574650764465e-02
4.356809332966804504e-02
4.627364873886108398e-02
5.420808494091033936e-02
5.130104720592498779e-02
4.452687501907348633e-02
5.222275108098983765e-02
5.166078731417655945e-02
5.183926969766616821e-02
4.907412081956863403e-02
4.691215604543685913e-02
4.617887735366821289e-02
5.039715766906738281e-02
4.920295625925064087e-02
5.741179734468460083e-02
4.939770698547363281e-02
5.079511553049087524e-02
4.508578032255172729e-02
5.789999663829803467e-02
4.830850660800933838e-02
5.589408054947853088e-02
5.096856132149696350e-02
5.094872042536735535e-02
4.671396315097808838e-02
5.129845440387725830e-02
5.599333345890045166e-02
4.072786122560501099e-02
4.785770922899246216e-02
4.782713949680328369e-02
4.371450841426849365e-02
4.748589918017387390e-02
4.573101550340652466e-02
4.926882684230804443e-02
3.888750448822975159e-02
4.898088797926902771e-02
4.916522651910781860e-02
4.687207192182540894e-02
5.230791866779327393e-02
5.000798404216766357e-02
4.571535065770149231e-02
5.087710171937942505e-02
4.480811581015586853e-02
4.757673293352127075e-02
3.793115913867950439e-02
4.311077296733856201e-02
4.552671313285827637e-02
4.461969807744026184e-02
4.910004884004592896e-02
5.260417610406875610e-02
4.819805547595024109e-02
4.653485491871833801e-02
4.390827566385269165e-02
4.823032766580581665e-02
4.626387357711791992e-02
4.160116612911224365e-02
4.389480128884315491e-02
4.277334362268447876e-02
5.297531932592391968e-02
4.930409789085388184e-02
4.552178829908370972e-02
4.546850919723510742e-02
4.498314857482910156e-02
4.789560660719871521e-02
4.757963120937347412e-02
4.490524530410766602e-02
4.298391938209533691e-02
4.713369160890579224e-02
5.114693939685821533e-02
4.914442449808120728e-02
4.729392752051353455e-02
4.007970541715621948e-02
4.598755761981010437e-02
4.942720755934715271e-02
4.822019860148429871e-02
4.381173104047775269e-02
4.074327647686004639e-02
4.186493530869483948e-02
4.262351244688034058e-02
4.569340869784355164e-02
3.509115427732467651e-02
4.014822840690612793e-02
4.636196047067642212e-02
3.994639962911605835e-02
4.679250717163085938e-02
5.038030818104743958e-02
4.314298555254936218e-02
4.706756398081779480e-02
4.484134912490844727e-02
4.315098747611045837e-02
4.876693338155746460e-02
3.875089809298515320e-02
4.181703925132751465e-02
3.965079784393310547e-02
4.315938055515289307e-02
4.328056424856185913e-02
3.822212666273117065e-02
3.961762413382530212e-02
4.880591481924057007e-02
4.223068803548812866e-02
4.799863696098327637e-02
4.923646152019500732e-02
4.199025779962539673e-02
3.868436068296432495e-02
4.631303623318672180e-02
4.031051695346832275e-02
4.479447379708290100e-02
3.839065134525299072e-02
3.876732289791107178e-02
4.828246682882308960e-02
4.281353950500488281e-02
4.482319951057434082e-02
4.395547509193420410e-02
4.301555082201957703e-02
4.745717346668243408e-02
4.267774522304534912e-02
4.613342881202697754e-02
4.108198732137680054e-02
3.667572140693664551e-02
4.278595745563507080e-02
4.196223244071006775e-02
3.936218470335006714e-02
4.120872542262077332e-02
4.079470783472061157e-02
3.527802973985671997e-02
4.083751142024993896e-02
3.685785830020904541e-02
4.615464806556701660e-02
3.711024671792984009e-02
4.157771170139312744e-02
4.315119236707687378e-02
4.558954387903213501e-02
4.510814324021339417e-02
4.249320924282073975e-02
3.924939781427383423e-02
3.909122943878173828e-02
4.054994881153106689e-02
4.010580480098724365e-02
4.487723484635353088e-02
4.506721720099449158e-02
3.712614625692367554e-02
3.648798912763595581e-02
3.832932561635971069e-02
4.539111256599426270e-02
4.436684399843215942e-02
4.332026094198226929e-02
4.319334030151367188e-02
4.527696967124938965e-02
4.531218111515045166e-02
4.317712411284446716e-02
4.558413848280906677e-02
4.375182092189788818e-02
4.423898458480834961e-02
4.096478968858718872e-02
3.817019611597061157e-02
4.102832823991775513e-02
4.177654534578323364e-02
4.082172736525535583e-02
4.232823103666305542e-02
3.982327878475189209e-02
4.206555336713790894e-02
4.226736724376678467e-02
4.292850196361541748e-02
3.794989362359046936e-02
4.262691363692283630e-02
4.388307034969329834e-02
4.563846811652183533e-02
4.262572899460792542e-02
3.957320004701614380e-02
4.006082564592361450e-02
3.796868398785591125e-02
4.221295937895774841e-02
3.728768974542617798e-02
3.805683553218841553e-02
4.538970440626144409e-02
4.286297038197517395e-02
4.129582270979881287e-02
4.057195782661437988e-02
4.091120511293411255e-02
3.882531821727752686e-02
3.604983910918235779e-02
3.919463604688644409e-02
4.451958462595939636e-02
3.372568637132644653e-02
4.360276088118553162e-02
4.140454530715942383e-02
4.019403457641601562e-02
3.896974399685859680e-02
4.178421944379806519e-02
4.375722259283065796e-02
3.557793051004409790e-02
4.041510820388793945e-02
4.013793915510177612e-02
3.737306594848632812e-02
4.240720346570014954e-02
4.225957393646240234e-02
3.980948776006698608e-02
4.344508796930313110e-02
4.174714535474777222e-02
4.148116707801818848e-02
4.593931138515472412e-02
4.469814524054527283e-02
4.101743549108505249e-02
3.509820252656936646e-02
3.491065278649330139e-02
4.040213674306869507e-02
3.858334943652153015e-02
3.699848055839538574e-02
3.639153763651847839e-02
3.885110840201377869e-02
3.591110557317733765e-02
4.157917201519012451e-02
3.899408504366874695e-02
3.795649483799934387e-02
3.918097913265228271e-02
4.011543467640876770e-02
3.941333293914794922e-02
3.896105289459228516e-02
4.168640822172164917e-02
3.237220644950866699e-02
3.877539560198783875e-02
3.381985425949096680e-02
4.106841236352920532e-02
3.791064023971557617e-02
3.764325752854347229e-02
4.167871177196502686e-02
4.169332608580589294e-02
3.592392057180404663e-02
4.654083400964736938e-02
3.949679434299468994e-02
3.849630057811737061e-02
3.583376854658126831e-02
3.704868629574775696e-02
3.896377980709075928e-02
3.860567882657051086e-02
4.014700651168823242e-02
4.355297237634658813e-02
3.900619596242904663e-02
3.875486552715301514e-02
4.536100476980209351e-02
3.677461668848991394e-02
4.213182628154754639e-02
3.647818788886070251e-02
3.433852270245552063e-02
3.954821452498435974e-02
3.355226665735244751e-02
3.493360430002212524e-02
3.696876764297485352e-02
3.855998814105987549e-02
3.426399454474449158e-02
3.707284852862358093e-02
4.149001836776733398e-02
3.807192668318748474e-02
3.438223153352737427e-02
3.903578221797943115e-02
3.513165563344955444e-02
3.647032380104064941e-02
3.699567168951034546e-02
3.322858363389968872e-02
3.961790353059768677e-02
3.194611519575119019e-02
3.515496850013732910e-02
3.688213229179382324e-02
3.907749056816101074e-02
3.425169736146926880e-02
3.656220436096191406e-02
3.573924675583839417e-02
3.805234283208847046e-02
3.479149192571640015e-02
4.320594295859336853e-02
3.662686422467231750e-02
3.202311694622039795e-02
3.962928801774978638e-02
3.895132616162300110e-02
3.622180223464965820e-02
3.306378051638603210e-02
3.589932620525360107e-02
3.509357944130897522e-02
3.685604780912399292e-02
3.932861238718032837e-02
3.673409670591354370e-02
3.728399425745010376e-02
3.430131077766418457e-02
4.511889815330505371e-02
3.309947624802589417e-02
3.663419932126998901e-02
3.375589847564697266e-02
3.717487305402755737e-02
4.000147059559822083e-02
3.409715741872787476e-02
3.315553814172744751e-02
2.881880849599838257e-02
3.347862511873245239e-02
3.572052717208862305e-02
3.413319960236549377e-02
3.770205751061439514e-02
3.585472702980041504e-02
3.770017623901367188e-02
3.435048460960388184e-02
3.886011242866516113e-02
3.621011972427368164e-02
4.347968101501464844e-02
3.883478045463562012e-02
3.437218070030212402e-02
3.527580201625823975e-02
3.820665925741195679e-02
3.810282051563262939e-02
3.669309616088867188e-02
3.339513391256332397e-02
3.557301685214042664e-02
3.738274797797203064e-02
3.377583250403404236e-02
3.702791035175323486e-02
3.299230709671974182e-02
3.656958788633346558e-02
3.634476661682128906e-02
3.604250401258468628e-02
4.001753404736518860e-02
3.770518675446510315e-02
3.315371274948120117e-02
3.055826202034950256e-02
3.591043502092361450e-02
3.599404916167259216e-02
3.566361963748931885e-02
4.035452753305435181e-02
3.334692865610122681e-02
3.589884936809539795e-02
3.357609361410140991e-02
2.841464802622795105e-02
3.204760700464248657e-02
3.471613675355911255e-02
3.253083676099777222e-02
2.974434569478034973e-02
3.490543365478515625e-02
2.978184260427951813e-02
3.523064777255058289e-02
3.589431941509246826e-02
3.122014366090297699e-02
3.424558043479919434e-02
3.176409751176834106e-02
3.788695484399795532e-02
2.737648412585258484e-02
3.666969761252403259e-02
3.287304192781448364e-02
3.773650899529457092e-02
3.416773304343223572e-02
3.422222286462783813e-02
3.100501559674739838e-02
3.486517444252967834e-02
3.668777644634246826e-02
2.996991015970706940e-02
3.548255935311317444e-02
3.084813058376312256e-02
3.583508729934692383e-02
3.446501493453979492e-02
3.245312348008155823e-02
3.834713995456695557e-02
3.976672515273094177e-02
3.045344352722167969e-02
3.186541423201560974e-02
3.196376562118530273e-02
2.928593195974826813e-02
3.769307956099510193e-02
3.123067319393157959e-02
3.647769987583160400e-02
3.258588165044784546e-02
3.278263285756111145e-02
3.283817693591117859e-02
3.272127360105514526e-02
3.525489568710327148e-02
3.292133659124374390e-02
3.316265717148780823e-02
3.394608199596405029e-02
3.302343189716339111e-02
3.266325965523719788e-02
3.608629852533340454e-02
3.350926935672760010e-02
3.451382368803024292e-02
3.676920756697654724e-02
3.445762023329734802e-02
3.304468840360641479e-02
3.265631943941116333e-02
3.002982586622238159e-02
3.482922911643981934e-02
3.553436696529388428e-02
3.166717663407325745e-02
3.185677528381347656e-02
3.214444592595100403e-02
3.171867132186889648e-02
3.437369689345359802e-02
3.355234488844871521e-02
2.993625402450561523e-02
3.519017249345779419e-02
3.521757945418357849e-02
3.075103089213371277e-02
3.043244034051895142e-02
3.116930834949016571e-02
3.233299776911735535e-02
3.065136820077896118e-02
3.507753461599349976e-02
3.323538601398468018e-02
3.192827105522155762e-02
2.552836760878562927e-02
2.822856046259403229e-02
3.103452175855636597e-02
3.354068100452423096e-02
3.282926231622695923e-02
2.720963768661022186e-02
3.165717795491218567e-02
3.292415291070938110e-02
3.190713375806808472e-02
2.784955129027366638e-02
2.834923751652240753e-02
3.362873196601867676e-02
3.341933712363243103e-02
3.214813023805618286e-02
3.427204862236976624e-02
3.622670844197273254e-02
3.048024326562881470e-02
3.038217686116695404e-02
3.112535737454891205e-02
3.061778843402862549e-02
2.922661788761615753e-02
3.015138767659664154e-02
3.615390509366989136e-02
3.059816546738147736e-02
3.331501409411430359e-02
3.105505555868148804e-02
3.299489617347717285e-02
3.181403130292892456e-02
3.343485668301582336e-02
3.215742856264114380e-02
3.124358132481575012e-02
3.652776405215263367e-02
3.274688124656677246e-02
2.693788893520832062e-02
3.143478184938430786e-02
2.996391616761684418e-02
3.474572300910949707e-02
2.929480001330375671e-02
3.275135904550552368e-02
2.852321416139602661e-02
3.013058006763458252e-02
2.829963900148868561e-02
2.813812345266342163e-02
3.616793081164360046e-02
3.186580911278724670e-02
3.248195350170135498e-02
3.022444806993007660e-02
2.990565076470375061e-02
3.404759243130683899e-02
2.965748123824596405e-02
2.744869142770767212e-02
3.182346746325492859e-02
3.235450387001037598e-02
3.087476640939712524e-02
3.062153980135917664e-02
3.091826476156711578e-02
2.680876292288303375e-02
3.103745728731155396e-02
2.701259218156337738e-02
2.804552763700485229e-02
2.653769217431545258e-02
2.942065149545669556e-02
3.361459821462631226e-02
3.001192957162857056e-02
3.270809724926948547e-02
3.212828934192657471e-02
2.868957258760929108e-02
3.165407478809356689e-02
2.935695461928844452e-02
3.045094013214111328e-02
3.091447427868843079e-02
3.313761204481124878e-02
3.221505880355834961e-02
2.860418707132339478e-02
2.840650826692581177e-02
2.935863845050334930e-02
3.265819698572158813e-02
3.335972875356674194e-02
3.002922981977462769e-02
2.772765606641769409e-02
3.178904950618743896e-02
2.906987257301807404e-02
2.602916769683361053e-02
3.225246071815490723e-02
2.792060747742652893e-02
3.301756829023361206e-02
3.256194293498992920e-02
3.005553968250751495e-02
3.439740091562271118e-02
2.595603838562965393e-02
2.610319294035434723e-02
3.303433209657669067e-02
2.557181939482688904e-02
2.484141290187835693e-02
2.520212344825267792e-02
2.974392287433147430e-02
2.776615694165229797e-02
2.557675726711750031e-02
2.879690565168857574e-02
3.234097734093666077e-02
2.781471982598304749e-02
2.727597951889038086e-02
2.842820994555950165e-02
2.515341714024543762e-02
2.976967766880989075e-02
2.798496559262275696e-02
3.142061084508895874e-02
2.706110291182994843e-02
2.624183334410190582e-02
3.121353685855865479e-02
3.282817080616950989e-02
2.872407063841819763e-02
2.663339301943778992e-02
2.829527668654918671e-02
2.895168773829936981e-02
2.398875728249549866e-02
2.698485553264617920e-02
2.282035350799560547e-02
3.068970516324043274e-02
2.618576586246490479e-02
2.662605419754981995e-02
2.645920962095260620e-02
2.654981240630149841e-02
2.922471985220909119e-02
3.554832190275192261e-02
2.584061399102210999e-02
2.782614156603813171e-02
2.941922843456268311e-02
2.861230634152889252e-02
2.541282027959823608e-02
2.582921460270881653e-02
2.662787958979606628e-02
2.743111737072467804e-02
2.864246815443038940e-02
2.687704563140869141e-02
3.245370462536811829e-02
2.936016023159027100e-02
3.263241425156593323e-02
3.113865479826927185e-02
2.731554582715034485e-02
2.669036388397216797e-02
2.581088244915008545e-02
2.639065682888031006e-02
2.943093888461589813e-02
2.891199849545955658e-02
3.559243679046630859e-02
2.673797681927680969e-02
2.918622642755508423e-02
2.894701063632965088e-02
2.567981928586959839e-02
2.959612011909484863e-02
3.141327202320098877e-02
2.881811372935771942e-02
2.756700664758682251e-02
2.896581217646598816e-02
2.347999066114425659e-02
3.258845210075378418e-02
2.658209204673767090e-02
2.492999285459518433e-02
2.774508669972419739e-02
2.928284928202629089e-02
2.712251618504524231e-02
2.526360005140304565e-02
2.405931800603866577e-02
2.468678355216979980e-02
2.784905210137367249e-02
2.683211490511894226e-02
2.682589367032051086e-02
2.230291627347469330e-02
2.480395324528217316e-02
2.484456077218055725e-02
2.995713800191879272e-02
2.866004407405853271e-02
2.901759184896945953e-02
2.858310937881469727e-02
2.653897367417812347e-02
2.605886384844779968e-02
2.861979231238365173e-02
2.875723317265510559e-02
2.180490642786026001e-02
2.515982836484909058e-02
2.949007228016853333e-02
2.833360433578491211e-02
2.924609743058681488e-02
2.763953432440757751e-02
2.675278484821319580e-02
2.868128567934036255e-02
2.603155001997947693e-02
2.615939266979694366e-02
2.483857609331607819e-02
2.785807847976684570e-02
2.577875927090644836e-02
2.795102074742317200e-02
2.822943031787872314e-02
2.658044733107089996e-02
2.439830452203750610e-02
2.691435068845748901e-02
2.854377590119838715e-02
2.654411643743515015e-02
2.365819737315177917e-02
2.583329379558563232e-02
2.638490498065948486e-02
2.528344094753265381e-02
2.652147784829139709e-02
2.824779041111469269e-02
2.619626559317111969e-02
2.344658412039279938e-02
2.729728631675243378e-02
2.429047599434852600e-02
2.901817113161087036e-02
2.450373023748397827e-02
2.653660811483860016e-02
2.734651789069175720e-02
2.498677186667919159e-02
2.782730199396610260e-02
2.755827270448207855e-02
2.439323626458644867e-02
3.040674701333045959e-02
2.125420421361923218e-02
2.494257315993309021e-02
2.331966161727905273e-02
2.782056108117103577e-02
2.465626411139965057e-02
3.018968179821968079e-02
2.336751297116279602e-02
2.521632239222526550e-02
3.164077550172805786e-02
2.643487229943275452e-02
2.372547239065170288e-02
2.791343629360198975e-02
2.697814069688320160e-02
2.209670469164848328e-02
2.485872618854045868e-02
2.573819831013679504e-02
2.942984364926815033e-02
2.889919839799404144e-02
2.308816835284233093e-02
2.432148344814777374e-02
2.437756210565567017e-02
2.738497778773307800e-02
2.467144280672073364e-02
2.561477385461330414e-02
2.431498095393180847e-02
2.959463372826576233e-02
2.529085800051689148e-02
2.989946678280830383e-02
2.675456926226615906e-02
2.228129282593727112e-02
2.262533456087112427e-02
2.267114818096160889e-02
2.349760569632053375e-02
2.326976694166660309e-02
2.531215921044349670e-02
2.538013458251953125e-02
2.237207256257534027e-02
2.398964762687683105e-02
2.399436384439468384e-02
2.327489480376243591e-02
2.276419103145599365e-02
2.417768537998199463e-02
2.339299395680427551e-02
2.223379909992218018e-02
2.491978742182254791e-02
2.384225465357303619e-02
2.545380964875221252e-02
2.590882033109664917e-02
2.757115289568901062e-02
2.339760214090347290e-02
2.802372910082340240e-02
2.892391383647918701e-02
2.065694145858287811e-02
2.584031224250793457e-02
2.745756879448890686e-02
2.600844576954841614e-02
2.327658608555793762e-02
2.297389134764671326e-02
2.441435120999813080e-02
2.355613373219966888e-02
2.645654603838920593e-02
2.324653416872024536e-02
2.331870421767234802e-02
2.417195215821266174e-02
2.628448978066444397e-02
2.441287413239479065e-02
2.461545355618000031e-02
2.115486189723014832e-02
2.873293124139308929e-02
2.694565430283546448e-02
2.573440223932266235e-02
1.945349946618080139e-02
2.092004381120204926e-02
2.135001681745052338e-02
2.337075397372245789e-02
2.148710191249847412e-02
2.555981650948524475e-02
2.686786651611328125e-02
2.593392133712768555e-02
2.116723358631134033e-02
2.652044594287872314e-02
2.370269224047660828e-02
2.810643985867500305e-02
2.332849800586700439e-02
2.724614180624485016e-02
2.419296279549598694e-02
2.884799987077713013e-02
2.474179863929748535e-02
2.418663725256919861e-02
2.421187609434127808e-02
2.248456329107284546e-02
2.495628409087657928e-02
2.424407191574573517e-02
2.586225979030132294e-02
2.706926129758358002e-02
2.751687355339527130e-02
2.408882230520248413e-02
2.175721153616905212e-02
2.291416004300117493e-02
2.670273743569850922e-02
2.330126985907554626e-02
2.531991712749004364e-02
2.383192628622055054e-02
2.392343059182167053e-02
2.294459380209445953e-02
2.603001892566680908e-02
2.348478883504867554e-02
2.109733596444129944e-02
2.444786392152309418e-02
2.359074726700782776e-02
2.546980790793895721e-02
2.274946495890617371e-02
2.432107180356979370e-02
1.975002884864807129e-02
2.529657445847988129e-02
2.659169398248195648e-02
2.677738294005393982e-02
2.111035957932472229e-02
2.258585020899772644e-02
1.958149299025535583e-02
2.154828421771526337e-02
2.496715448796749115e-02
2.565863914787769318e-02
2.229858189821243286e-02
2.268148586153984070e-02
1.964450255036354065e-02
2.252407371997833252e-02
2.377846837043762207e-02
1.900657638907432556e-02
2.180108428001403809e-02
2.322177030146121979e-02
2.080838009715080261e-02
2.034684270620346069e-02
2.102803252637386322e-02
2.667898125946521759e-02
2.342494949698448181e-02
1.933881267905235291e-02
1.922657154500484467e-02
2.413542754948139191e-02
1.982957497239112854e-02
2.205623127520084381e-02
2.256454899907112122e-02
2.156764641404151917e-02
2.163912914693355560e-02
1.984266936779022217e-02
2.202701382339000702e-02
2.352921292185783386e-02
2.214258536696434021e-02
2.264399826526641846e-02
2.212338522076606750e-02
2.354555204510688782e-02
2.295210957527160645e-02
2.363781258463859558e-02
2.242634072899818420e-02
2.001315169036388397e-02
2.171419933438301086e-02
1.953467167913913727e-02
2.022845298051834106e-02
2.216684818267822266e-02
2.069609984755516052e-02
2.350074425339698792e-02
2.059443481266498566e-02
2.426487207412719727e-02
1.953131891787052155e-02
2.351906895637512207e-02
2.525345981121063232e-02
2.075263671576976776e-02
2.062237262725830078e-02
2.251627296209335327e-02
2.424665912985801697e-02
2.041693031787872314e-02
2.361858636140823364e-02
2.356635965406894684e-02
2.388614043593406677e-02
2.162904851138591766e-02
2.156802080571651459e-02
2.143986523151397705e-02
2.128608152270317078e-02
2.214235812425613403e-02
1.990981027483940125e-02
2.161178924143314362e-02
2.234224975109100342e-02
1.855080574750900269e-02
2.323132380843162537e-02
2.304721064865589142e-02
2.122959867119789124e-02
2.502576820552349091e-02
2.287183329463005066e-02
2.181887999176979065e-02
2.096157334744930267e-02
2.403293550014495850e-02
2.071842923760414124e-02
2.104847878217697144e-02
2.117702364921569824e-02
2.309828437864780426e-02
1.853852532804012299e-02
2.394374832510948181e-02
2.417552471160888672e-02
1.956767402589321136e-02
1.969067752361297607e-02
2.277482114732265472e-02
2.221198007464408875e-02
2.145660296082496643e-02
2.250452339649200439e-02
2.171001024544239044e-02
2.514851465821266174e-02
2.044425532221794128e-02
2.027999609708786011e-02
2.288034558296203613e-02
2.167348563671112061e-02
1.980943419039249420e-02
2.057791873812675476e-02
2.465836703777313232e-02
2.113019675016403198e-02
2.026653662323951721e-02
1.885154843330383301e-02
2.169249020516872406e-02
2.210383489727973938e-02
2.056555822491645813e-02
1.997606456279754639e-02
