2.280431971205740815e+00
3.283276386555578519e+00
1.030558974931320293e+01
2.205946410149068981e+01
3.916267025515080746e+01
5.701494238781937440e+01
6.913283308581063125e+01
6.751401544341702277e+01
5.990448112735870723e+01
5.145403479509909772e+01
3.492515363043577992e+01
4.019363263778146944e+01
4.568331695490883959e+01
3.459255624334801382e+01
4.224256554128295704e+01
3.555720515479374910e+01
4.537415824674857845e+01
4.107631396863747142e+01
3.547383449183609372e+01
4.814002121227294850e+01
1.136874657982065742e+02
4.705325269699002178e+01
4.356907690232915797e+01
4.284484127116879648e+01
4.653965476279872604e+01
5.090566578014967547e+01
4.610836606490519785e+01
4.273029144421082748e+01
3.468289481687005349e+01
3.995570211057076193e+01
4.358316466583811888e+01
4.573162657298896505e+01
3.647490408166171250e+01
3.738692942775836059e+01
3.751046061160303680e+01
3.497065505117320328e+01
3.810898213178090543e+01
4.111834730562005547e+01
3.784781520163951996e+01
3.607042473617560319e+01
4.311190794861379061e+01
4.100050954890388510e+01
4.149763727701540006e+01
4.125487962578702650e+01
3.808369658717027306e+01
3.468432121597981421e+01
3.968377756496643372e+01
5.003450470743181455e+01
4.579263692998466695e+01
5.073486455287197572e+01
4.067937795800054346e+01
4.759364021667923339e+01
3.692354618174130820e+01
4.152533578412935356e+01
4.469883561827592189e+01
5.116053619513304795e+01
3.337230658799265370e+01
3.817440960401445693e+01
3.703024124133864348e+01
3.609910830470061427e+01
3.932676541242177848e+01
4.175598379698479334e+01
3.610404056655111305e+01
3.034772769963850436e+01
4.181866979767384862e+01
3.469673771854417055e+01
4.101334160760636394e+01
3.870813233148872001e+01
3.202514405387907459e+01
4.700885555983855824e+01
3.890334805101551297e+01
4.141330841255744133e+01
3.999881204492941578e+01
3.594766702535535075e+01
5.122490534386831484e+01
4.185487782208493712e+01
4.976579090803251404e+01
3.353729680197083241e+01
4.661051645972446522e+01
3.844833418207460340e+01
4.856921309010123622e+01
4.155319307650298555e+01
3.928166036814881323e+01
4.097101902148480690e+01
4.544489771448317583e+01
3.734127806981139486e+01
3.706073030877541186e+01
3.445079619494057965e+01
4.453781775037718660e+01
4.280131730013115998e+01
4.498360370650616602e+01
4.204479074291108276e+01
4.387615584523260281e+01
4.357681747227158553e+01
3.929852164289923167e+01
4.395482646763044698e+01
4.171101774535939199e+01
4.885338392279424369e+01
5.347775433483021601e+01
5.016188861854642056e+01
4.025722866700369451e+01
4.254705857011491332e+01
4.154291374924306268e+01
4.406613085380387673e+01
4.210518348159384772e+01
3.929804217074405415e+01
3.787367916152619074e+01
4.974357825801190103e+01
4.233361799758715449e+01
4.297176117909803850e+01
3.728137607588561764e+01
4.313293679055705354e+01
4.584645635745696524e+01
5.588340029400107767e+01
3.918647761173175326e+01
4.665901407545827340e+01
4.047038021687860265e+01
4.851091588429031276e+01
5.288380172299622473e+01
4.143962786384388863e+01
3.725631513927277894e+01
3.732509994053825153e+01
5.756738017351032966e+01
4.100021712581450828e+01
3.786910316592508252e+01
3.680878480583694312e+01
4.206724431813840681e+01
4.751424651320030534e+01
3.983156084365933935e+01
4.080065500635132736e+01
3.999271395785747529e+01
4.103470362061908361e+01
4.389692406132024871e+01
4.412081371949786757e+01
4.330867995372945245e+01
4.302819430233550690e+01
4.143081159218868947e+01
4.212872777230670351e+01
3.918385127340146568e+01
4.359839497038700529e+01
4.410267856880775383e+01
3.620006117983967897e+01
3.921296930593089058e+01
4.321928346751560923e+01
3.173861189820848239e+01
4.031538238933469387e+01
5.081000455283751194e+01
4.163904582475011296e+01
4.438754080805846769e+01
5.208069199627630752e+01
4.900772752704227031e+01
4.833479201952342663e+01
4.715218684371704683e+01
3.627413153508525312e+01
4.035317166157757640e+01
3.679358703312073686e+01
3.975173036129056214e+01
4.038568897431630944e+01
4.505799554100768489e+01
4.685919321130810999e+01
4.267419026311219454e+01
4.810967454365881935e+01
5.343112507415877133e+01
4.081838113670548296e+01
4.737568130587189330e+01
4.606146951833421355e+01
4.619782807213686482e+01
4.399251369235602738e+01
4.415474171543169746e+01
4.439011604651196308e+01
4.391342956754100868e+01
5.196063776503995513e+01
4.678951114313985471e+01
3.763899390305932968e+01
4.971828039412724820e+01
6.002035174288420194e+01
4.974510160962109495e+01
4.302975139737868915e+01
3.944769278433209792e+01
3.758258821631965674e+01
4.657787017177081879e+01
3.905398610412170513e+01
3.660902883874587843e+01
3.627202820754680346e+01
4.709441148152888701e+01
4.729803491912589664e+01
4.239172311365665990e+01
3.557547891835559284e+01
4.402208266855040364e+01
4.175004591302894141e+01
4.125791223200829450e+01
4.143509889827465287e+01
4.752932659312220665e+01
4.019236367658017883e+01
4.522192565008764831e+01
3.725562251733281727e+01
3.923585525746516112e+01
4.257412238199395915e+01
3.965406275601534958e+01
4.949088018899946206e+01
3.901393555400335345e+01
4.310892744718136527e+01
3.888324969703396050e+01
4.495328068391813758e+01
4.821879392153024213e+01
4.816464410518035777e+01
3.845067783262252448e+01
3.826592210607334010e+01
4.425392047694059272e+01
4.832994039189955515e+01
4.372958078406728077e+01
4.700103706937099446e+01
4.360340884954692342e+01
4.258194828846140467e+01
4.097420659321977610e+01
4.310196662280777957e+01
4.638077010146623280e+01
5.055902723297452894e+01
5.548209253118884021e+01
4.376575094292173418e+01
3.834986143114554125e+01
5.455103247920010290e+01
5.240848549439461834e+01
5.456904590239476249e+01
4.466248009443099676e+01
4.026360876394274868e+01
4.253107870939928858e+01
4.995379546131535164e+01
4.631289733508815232e+01
4.496150586880902722e+01
5.030575708071526719e+01
3.095020264163022006e+01
3.704617851771525494e+01
3.567791575757457423e+01
4.594249277440907520e+01
4.290311304978842344e+01
4.022301499457991270e+01
4.395024491017336032e+01
4.930027164917979121e+01
3.641146385384195838e+01
4.728760366126851267e+01
3.177810690798969162e+01
4.446738199837103167e+01
3.443007923081707133e+01
4.133566032123933809e+01
3.430454104970718276e+01
3.901683918322590472e+01
4.486522193140854853e+01
4.344226631593139842e+01
4.317994868899131689e+01
4.126341034798848284e+01
4.753737836190820332e+01
4.602641532536529922e+01
4.041295334483362467e+01
4.121343245032711167e+01
4.463545574671157112e+01
4.951569061405835726e+01
4.654430214453217474e+01
3.675650461782711886e+01
4.552111447723464011e+01
4.118965584328414309e+01
4.563326089221038018e+01
4.973845269660377966e+01
4.364936923846443051e+01
4.208477520375053871e+01
4.413471497987439562e+01
4.384658010721135923e+01
4.967054593265510221e+01
4.173119919085232965e+01
5.055384842943908552e+01
3.807390608286414846e+01
3.771419130837701061e+01
4.460193149926842437e+01
4.444370903296756126e+01
5.033011060693022642e+01
4.314542310072150144e+01
4.335225138184127758e+01
3.798641865843541865e+01
4.649431167636427631e+01
4.001116668164607404e+01
4.615346863948935408e+01
5.299136975184882203e+01
4.012995181973817438e+01
5.394357060127767056e+01
4.340675123937094781e+01
4.317024907651875054e+01
6.253765519907469894e+01
5.318518686906070059e+01
4.909719835967581503e+01
5.266593452423651200e+01
5.254326609901111311e+01
4.672244668830781933e+01
5.657804493880099272e+01
5.435706821969802860e+01
4.273579383636092643e+01
5.765455061720629004e+01
5.411023173711957668e+01
4.936178492401980122e+01
4.694531237590137351e+01
5.475432478419129723e+01
5.342578013818187799e+01
5.392977879160935828e+01
4.655966905374663156e+01
5.397681327607542556e+01
5.253501782657971830e+01
4.949056762369076523e+01
4.679305004700661641e+01
5.662332128176294788e+01
5.751632074991803734e+01
5.039522978968051348e+01
4.959697596226378380e+01
5.373302382517515241e+01
5.857864384373142741e+01
4.833822951899497866e+01
4.235218172127633807e+01
4.457260240763405079e+01
5.148742035079196455e+01
5.864520727025763591e+01
5.500448206720144384e+01
5.015291368395637761e+01
4.539181195326357710e+01
3.832667780896768051e+01
5.986812796714958296e+01
4.805966356217947322e+01
4.527384665549822529e+01
4.670212194727614730e+01
5.022001252685419814e+01
5.231821369692236345e+01
5.341685867192425263e+01
4.740009977127324703e+01
5.925990800273550718e+01
4.053660206251415588e+01
4.919998706387719523e+01
5.222447705530505857e+01
5.888886293431577457e+01
4.807070771121236419e+01
4.889496330296766047e+01
6.600194926383962013e+01
4.406989573038782737e+01
5.502818893252657517e+01
4.901854397136303021e+01
5.249049044708215916e+01
3.855981417933264765e+01
4.864900023614863045e+01
3.219043559017290335e+01
4.030729289726280484e+01
4.281904840720471839e+01
4.162713042609617986e+01
4.673066781452634189e+01
4.371007211810537285e+01
3.939300225309561654e+01
3.654945646131586301e+01
3.483631143757278181e+01
3.506010896637698693e+01
3.881353967093940582e+01
3.716761522683424346e+01
3.991901543620102188e+01
3.791084212858979186e+01
3.458380334313240212e+01
4.301684199304052214e+01
3.826816814012506995e+01
3.569557654539214298e+01
4.619881422928750681e+01
4.465865051787584150e+01
4.031991677490520232e+01
4.639555537529888340e+01
3.841541766873965713e+01
4.072004210006442548e+01
4.207910536793666978e+01
3.785854808521563797e+01
4.465837411161889747e+01
4.678145127937926162e+01
4.559726518576105292e+01
4.264335797166020114e+01
3.986912953746787025e+01
3.945041192950394304e+01
4.565344598299231649e+01
4.269663699533279555e+01
5.312333550177854846e+01
3.804827711708172444e+01
4.167276341865152745e+01
4.099692015238153431e+01
4.321041057990671419e+01
4.804445470296138154e+01
4.452750517233384642e+01
4.874419595956305074e+01
5.187276404508513394e+01
4.056056629195363428e+01
4.133168881698628638e+01
4.358361159194257084e+01
4.541305741038007682e+01
3.677182516156932479e+01
3.209006830805534349e+01
3.940606168391713027e+01
4.383970326421211894e+01
4.095152334538867933e+01
4.538092169316575308e+01
4.131542324099831376e+01
4.067108938963882991e+01
3.841209901268011606e+01
4.566276710261434602e+01
4.753545972731571823e+01
5.420494651040596068e+01
5.013945829339841964e+01
4.627459825668065463e+01
5.046592466495133777e+01
3.885952555161827604e+01
5.852489700220152713e+01
4.514725205317972723e+01
5.026404441542548085e+01
4.243537192922630652e+01
4.919557828198247051e+01
5.006941335888532763e+01
4.260119590593265571e+01
4.989442309554113564e+01
4.488409849286307463e+01
4.384976122635777784e+01
4.646691080532309570e+01
4.218180819549337457e+01
4.491592879998798082e+01
4.092968002452828102e+01
4.637101570664817984e+01
4.181380451718688107e+01
4.564351833492424504e+01
4.600983790660092154e+01
4.056938837521421704e+01
4.651311099689620221e+01
4.318205972409116811e+01
3.759411053479244202e+01
4.754662946552039671e+01
4.543137995727025213e+01
5.158076317617319262e+01
4.262859471753251484e+01
4.488841997338658274e+01
4.172768522516117429e+01
4.436845754588014756e+01
4.355424757985616679e+01
4.636304108824484160e+01
4.095589656697252678e+01
4.593931364931395223e+01
4.067500779312567261e+01
3.538189015332374510e+01
4.392733801999620624e+01
4.653043115499833249e+01
4.152512953814103014e+01
4.027400231796820407e+01
5.099608423801311829e+01
3.741115080638920176e+01
4.431646092880274068e+01
4.215313512325390377e+01
3.985020675038414595e+01
4.675454588863084382e+01
4.643364688229181070e+01
5.357588470651301549e+01
4.415084735497259061e+01
5.385537237024942669e+01
4.582588466107869607e+01
4.353982328124239132e+01
3.482541069096328812e+01
4.436519195480368438e+01
4.779318139754192174e+01
4.215274761640381485e+01
4.096649340296784203e+01
4.427759780062807238e+01
3.244114752872963692e+01
4.057144173760569572e+01
3.818084650016646009e+01
4.268294550276377919e+01
4.627878062593422470e+01
4.420143635669352733e+01
4.243532665620736566e+01
4.510953500309761921e+01
4.475864428102535442e+01
4.411034990168701597e+01
4.354655754954003299e+01
5.248734062804992107e+01
3.592770968236687423e+01
4.500394870540870329e+01
4.725052299258378241e+01
4.809488714669295462e+01
3.791131058181785818e+01
4.394533995502405332e+01
3.870263453656855290e+01
4.861403717153105219e+01
4.496881729337678024e+01
5.183993511835011248e+01
4.466354800842690764e+01
5.114879730087297816e+01
5.382612283872838788e+01
4.220671776728853786e+01
3.880168129104612262e+01
4.822839307220235128e+01
4.540240491411957890e+01
4.200739385452988017e+01
4.780679334223555799e+01
3.681480731539060969e+01
4.654151298077457710e+01
3.737772377123884837e+01
4.049421922305768362e+01
4.516615365284286554e+01
3.970288896395513234e+01
4.774370588020656214e+01
4.795373243840685973e+01
4.478608922411383730e+01
5.225502079128141020e+01
3.886131576374074825e+01
4.702529956466257488e+01
3.628163810397430922e+01
4.786479128378046966e+01
4.288593037009868425e+01
5.744129915138266540e+01
4.541593511890733481e+01
5.219179732167550156e+01
4.640277487383718125e+01
3.828231744636366329e+01
3.554462383447568641e+01
4.031451103150153159e+01
4.479459640534545883e+01
4.908520995261288533e+01
5.421835649637219490e+01
4.996991200015794732e+01
4.040319467730344627e+01
4.373837768070981014e+01
4.029801273376408943e+01
4.852918604064705477e+01
5.461411259863081114e+01
4.010397897064493833e+01
4.471028238141268929e+01
4.727468919840598005e+01
4.349306821216796948e+01
4.624128218846945515e+01
4.160081100186200587e+01
3.944828548732834861e+01
4.807455967525059037e+01
5.101580744005536161e+01
3.848405961247288332e+01
4.761608872339554210e+01
4.938525685228943729e+01
4.310356925280630236e+01
5.001745313023132411e+01
3.379584462195304440e+01
4.904212233550105537e+01
4.581219660814491590e+01
3.948258790955881636e+01
5.170060100517181922e+01
4.217270413131164020e+01
3.717218650157669657e+01
4.212512252976148375e+01
4.867690812667530764e+01
4.313478377137558795e+01
4.048436348813797281e+01
5.315838381357109199e+01
4.073438539330479102e+01
4.321693589506581645e+01
5.040963044748403377e+01
5.192154342242363185e+01
3.455881870458070182e+01
4.710644168419695177e+01
4.692125944619007782e+01
1.112124043670495439e+02
4.883672973466578782e+01
4.089561300526412424e+01
4.407149621711912602e+01
4.008117692596223236e+01
4.728074953660029678e+01
4.527783271050494562e+01
4.920927625617940038e+01
4.890249470273212040e+01
4.163767986243349384e+01
5.130977994292480560e+01
4.822577008269304599e+01
4.194013351155197000e+01
5.742452355012768805e+01
4.438258300258822686e+01
4.939370996862002983e+01
4.675825679516876221e+01
4.184484637530778173e+01
5.039475900934306907e+01
4.432758120480376363e+01
3.904135858157358996e+01
5.229150368776808477e+01
5.210351351287329891e+01
4.444564797077845242e+01
4.647176342497915158e+01
4.308800213371500121e+01
4.083326714605869512e+01
4.853053197381856165e+01
4.433025857058679975e+01
4.513483128953953383e+01
3.998149438471200767e+01
5.555510580369409723e+01
3.809936754086591293e+01
4.684737434375643517e+01
3.394622499839437069e+01
3.707893212992764376e+01
4.132341907103954526e+01
4.284180913497870336e+01
4.736859119018504316e+01
4.229917977261226980e+01
4.276370293954803259e+01
4.093641813472201818e+01
4.328637283190274587e+01
4.215839151378618510e+01
3.976876620173500498e+01
4.509774437422652937e+01
4.331652969987266033e+01
4.154391830228730953e+01
3.166746011711650510e+01
3.540323161864007773e+01
3.998806074661317211e+01
4.681981279113671945e+01
3.624193250800377086e+01
3.622158379966339226e+01
4.071492092925230111e+01
4.436674798982664214e+01
4.230376072221312711e+01
5.539116197095724914e+01
3.948280545200800873e+01
4.781293800460439058e+01
4.825807010907382733e+01
4.119096021593612278e+01
4.196307808110152848e+01
4.502181618356744508e+01
4.973033049783916226e+01
4.039432981513900245e+01
4.924043759257293118e+01
4.761195586229919030e+01
3.875197099723314409e+01
3.933809276526788068e+01
4.127088130456745318e+01
4.111609125171168699e+01
4.402741083726226634e+01
4.563271893121668654e+01
4.622198553356888340e+01
3.565760422644816430e+01
4.061362441743135321e+01
3.829950801684552175e+01
3.890197884022367703e+01
5.142789888802367670e+01
5.108554454510688458e+01
4.196278210826650934e+01
4.920300940828941094e+01
4.483450439527697995e+01
4.969476984088223759e+01
4.784672555513127890e+01
6.312159766683308249e+01
3.918122033299358975e+01
4.608708633560201662e+01
4.589207773397339452e+01
3.762223147211348362e+01
4.815310038668815906e+01
4.268138604154191995e+01
4.810626986869316823e+01
4.801686908919370467e+01
4.450855097373404590e+01
4.234594369707282624e+01
5.362538436148074084e+01
4.598534084110073650e+01
4.704428448186084921e+01
4.953540718298992118e+01
4.913171411299386193e+01
5.159468645926468611e+01
5.125085873881175758e+01
3.950591563290610253e+01
4.630205940682321142e+01
4.454594220777639890e+01
4.794715667901657952e+01
4.017826182104266763e+01
4.313617914715959500e+01
4.869895664908656130e+01
4.105549540160673416e+01
3.982154604223970296e+01
4.086972008549712854e+01
4.316493398690404604e+01
4.447088753017738583e+01
4.220787161669385767e+01
4.425034511098182577e+01
3.401758131762366588e+01
3.981711914659298657e+01
4.505022052224640561e+01
3.871539078347716867e+01
4.374585044998413963e+01
3.962169461318702446e+01
4.436163216874210491e+01
4.620208093855854514e+01
5.008388640818768778e+01
4.298107202075193811e+01
5.654663907612089702e+01
4.244526068249794548e+01
4.303648703843379053e+01
3.689854414642951497e+01
4.386554817012575569e+01
3.767382773479931757e+01
3.923979718571678177e+01
4.454888272667747628e+01
4.352109448597726526e+01
5.198110305995629687e+01
4.529824367398978779e+01
4.528363207633773868e+01
4.339253669189852047e+01
5.570024639554171131e+01
4.298084910840504591e+01
4.627218473847467806e+01
5.112305481208286295e+01
5.142034853722707055e+01
5.072071912772346280e+01
4.872783853990260639e+01
5.042211068806766150e+01
4.422379841967642022e+01
5.418355296981602720e+01
4.355428761149644856e+01
4.165062828990368615e+01
4.826695207850306701e+01
4.358228508768136322e+01
4.060126972934207146e+01
4.362997035696398029e+01
4.248595358594577220e+01
3.646501237207250767e+01
4.174735760011722618e+01
4.698651671734189250e+01
4.168629799460656926e+01
4.916866335021845202e+01
4.111318036548970412e+01
4.926174053876884784e+01
4.236021832713911550e+01
4.258228142976624753e+01
4.868790422501978554e+01
4.597189690189398448e+01
3.988773783210073276e+01
4.316092112664770042e+01
4.305952742935961197e+01
3.936569849564026669e+01
4.630142858207724998e+01
4.408786175532847551e+01
4.070619944507712518e+01
4.599583921172754231e+01
3.604371222986588919e+01
3.828602190399211480e+01
4.288978387060917186e+01
4.022980624474264033e+01
3.931389197660067225e+01
4.983653587249449401e+01
4.099017783235785828e+01
5.021204631688138420e+01
3.953174245599909398e+01
3.661761758484193052e+01
4.087750451902417126e+01
4.538794318451599707e+01
4.323541949451362854e+01
4.214212799281292376e+01
4.916668556333355866e+01
3.908914127042087472e+01
4.502636163160357086e+01
3.915504014415705569e+01
4.126366978133244601e+01
4.628949273273187970e+01
4.299000316743008909e+01
4.881595646766981389e+01
4.506975849621585439e+01
4.658065965659300645e+01
5.261794542047154266e+01
3.955186829437138130e+01
3.882102147626945765e+01
4.562527540386560787e+01
4.264789028515421876e+01
4.474158379853852807e+01
4.397681607955355787e+01
5.468395246051986902e+01
4.262416427531186258e+01
3.694988681900974115e+01
5.114997520219841931e+01
4.911751905514056205e+01
4.254951801828924829e+01
4.125328779681724001e+01
4.697758545330579949e+01
4.035914601458127038e+01
5.305832326181268144e+01
4.246919083195978573e+01
3.664535885096898937e+01
4.530449079927331013e+01
4.085823158334420668e+01
4.966772247495975279e+01
5.127526716777960303e+01
4.291613577015495196e+01
4.264645006672373029e+01
4.358434695466198860e+01
5.135183119149888853e+01
4.592204791188874680e+01
4.542662513452960127e+01
4.393331130682850727e+01
3.868697110442593612e+01
3.867332839710122983e+01
4.526700182032183761e+01
4.540127401488688719e+01
3.637338919573283391e+01
4.647207602568563090e+01
3.479505977856811683e+01
4.241321215937809797e+01
4.841947846655524046e+01
5.403138016719868375e+01
4.396107898718836537e+01
5.171681627868935749e+01
5.016131019925682466e+01
4.541643676051187128e+01
4.580008140664745042e+01
4.088511597174655066e+01
4.539182106125438310e+01
4.164177792094216812e+01
4.440832295766401216e+01
4.857596401431705857e+01
4.428981979736828833e+01
3.995667742824487334e+01
4.147259876219214902e+01
4.989392395455601559e+01
4.590583121339427919e+01
4.199230118974777781e+01
4.553449177078063315e+01
4.376678023589328603e+01
5.389555453773338911e+01
3.955750702550251674e+01
4.312891859095699232e+01
4.607664388935013733e+01
4.366311356937674049e+01
4.474413017366455136e+01
3.814172739004118284e+01
3.852820761173059338e+01
4.761944147936515037e+01
4.664889148136385444e+01
4.264510122646353096e+01
4.167673530435684626e+01
4.386283757408155282e+01
4.965393342078365890e+01
3.789997992643222346e+01
4.509300462464634762e+01
3.957810931206353189e+01
4.209388527371336863e+01
3.726962797075474043e+01
4.110347073240161109e+01
4.559428910416210101e+01
3.980141584040973157e+01
3.578287141370753943e+01
4.319354449146639752e+01
3.500840736318079394e+01
4.619319520342806129e+01
4.532170299605427033e+01
3.912689887810327605e+01
3.799994427794785423e+01
5.170962265348946119e+01
4.246102837744752634e+01
3.725760661185800160e+01
3.499920858773695187e+01
4.432189514041427003e+01
3.656179963775784358e+01
5.165594104370148898e+01
4.187132496735681286e+01
4.529235780816382118e+01
4.456514399417781647e+01
4.472455486639420030e+01
3.069159368047603564e+01
3.834051450375739023e+01
3.901075565842994308e+01
4.523450499455616125e+01
4.169721662946639640e+01
3.952968884174365627e+01
3.742142110065248062e+01
4.500962247289339757e+01
4.367621986421594471e+01
4.355179058015232840e+01
4.097879068169409322e+01
3.924784943681689242e+01
3.852559356815103087e+01
4.015878458472176504e+01
4.108404230737971119e+01
3.870787939187262339e+01
3.560468306851409892e+01
4.603341166338714885e+01
4.735403136998841234e+01
4.286666962140045456e+01
4.373984649093284816e+01
4.424989816377929941e+01
3.639028920987035320e+01
3.828558790552773416e+01
4.101306824509313032e+01
3.569049849615807801e+01
4.193908569301805045e+01
4.701198003295299088e+01
4.965826409913798045e+01
4.140064682526074336e+01
3.722643629969829959e+01
4.588459280681446018e+01
3.424391478178152681e+01
4.457085110235740189e+01
4.102825829797515667e+01
2.926049749141855116e+01
4.190690042588548181e+01
3.970475385571828753e+01
4.403839069393568906e+01
4.234297637624380428e+01
3.851571748428960973e+01
3.892513451620917664e+01
5.004950988229400366e+01
4.429812834116046361e+01
4.230702006963745276e+01
4.901196115817891297e+01
3.837943920641961881e+01
4.684662510443074268e+01
4.316988022210242804e+01
5.081103652034616402e+01
4.455831290240714537e+01
4.691274330168617723e+01
4.276184371369680548e+01
4.778752452024615849e+01
4.263362840455224756e+01
4.243563833461336543e+01
4.873097811596566942e+01
3.814379014966700510e+01
5.254362386811189367e+01
4.937654921814365139e+01
4.583713857622596777e+01
4.703013192816254673e+01
4.697489182268393648e+01
5.032198830945871748e+01
4.810803111528041853e+01
4.253628588810410349e+01
5.020785977437217440e+01
4.613994138267554490e+01
5.124770142485282065e+01
4.454353009373000560e+01
5.140021120609841176e+01
4.589087204243866580e+01
4.609467778939052351e+01
4.685232852970937500e+01
4.861717316946215561e+01
4.056138761512062274e+01
4.445505356198803071e+01
4.787325393964277254e+01
4.607310692953086573e+01
5.427260776606412662e+01
4.547147526274358142e+01
4.792125267309642567e+01
4.773729589063842127e+01
4.393266902924539608e+01
3.853240309902657401e+01
4.800764403153896609e+01
5.987031209802164256e+01
4.217649935717872012e+01
4.706762810814420561e+01
4.332603664505757735e+01
3.464810886385073729e+01
4.848075859223655470e+01
4.387375720295633386e+01
3.704927084874830712e+01
4.761994986634684324e+01
4.367707149980459747e+01
4.093024432461686501e+01
3.870894250722722063e+01
3.933015030362677322e+01
3.836422938442127162e+01
3.432315836926346719e+01
3.998817610882736773e+01
3.815227175092305600e+01
3.963043494618846552e+01
4.565849508493997888e+01
4.805337689742023599e+01
5.662617175671528713e+01
4.169961652654765061e+01
4.185812226534034153e+01
3.911524651466798019e+01
4.488522516889408820e+01
4.111797978433535405e+01
3.297938707667150737e+01
2.946308682118572619e+01
4.162233772574244739e+01
3.963642827702387450e+01
4.324733776347509462e+01
3.937185993636425252e+01
4.630853482789812858e+01
5.028599263341861558e+01
3.876483520379055392e+01
3.752642579220870545e+01
3.946853776342656772e+01
3.511212562253405878e+01
3.947698491549581234e+01
3.512259817830561559e+01
4.606722912524832481e+01
4.036972724976831728e+01
3.832219605505677151e+01
3.263170237762025039e+01
4.439919635183358082e+01
3.914543893800801300e+01
3.646229518643377787e+01
3.790323440253697385e+01
4.299042482771810825e+01
3.254810068235043019e+01
4.163945263585651446e+01
4.159153724131208918e+01
4.392908794582510978e+01
4.397046108606178905e+01
3.505469828953641809e+01
4.714350163657600490e+01
3.530034194917547552e+01
3.985326035832206770e+01
4.017862938950457874e+01
3.787954922538654756e+01
3.411075917019702786e+01
3.608443274076627461e+01
3.263673142173347941e+01
3.042236996661205950e+01
3.957109811205945960e+01
3.518566773300998562e+01
3.329463062507654314e+01
4.395886875903678970e+01
3.391767015125519436e+01
3.881992161458899915e+01
3.958751553664141198e+01
3.037433515832250563e+01
3.840686912781777096e+01
3.756441197607458093e+01
3.693407407919434604e+01
4.413776945168089583e+01
3.563484895409647635e+01
3.445302616647062877e+01
3.457715058498088467e+01
3.648653452934996722e+01
3.961801462997582490e+01
3.597141339702650242e+01
3.292787764987943433e+01
3.929213545379916184e+01
3.595862467079188463e+01
3.163414488170144168e+01
3.804611055816933174e+01
3.821944762627267522e+01
2.619377595005532555e+01
3.696412178502120582e+01
4.166734761785607333e+01
4.086992111572819653e+01
4.184075897701112012e+01
4.256771747499254133e+01
4.452775885778908815e+01
3.181488825656875008e+01
3.842168454442577996e+01
4.387182342570351778e+01
3.052400574923083809e+01
3.402616481224320921e+01
3.830313630738844921e+01
4.068195687391802551e+01
4.005858649839234431e+01
3.560971912135433115e+01
4.215905510747145968e+01
3.009352772275637733e+01
4.274918453244010408e+01
4.426892750562404188e+01
3.573607199984754601e+01
4.175166589190340005e+01
3.346064500517639573e+01
3.305525522489042345e+01
3.720293800593038469e+01
3.462690409835793304e+01
3.394799193947317661e+01
3.677489206655613430e+01
3.065819559793741433e+01
4.233036246544894254e+01
3.650696043480824926e+01
3.475426789633824853e+01
3.340119348504979513e+01
4.095815165215819320e+01
3.138079625981418630e+01
3.764231599742274170e+01
3.504054001387936523e+01
4.216124549012761236e+01
3.361775580140227504e+01
2.913955731165157914e+01
3.668609536799736759e+01
3.856216031362242802e+01
2.618267427362144772e+01
3.673753845137056828e+01
4.243174063991285294e+01
3.698390517430473778e+01
3.475887928904403168e+01
3.207579631465819148e+01
3.071501614801257674e+01
3.982454672490599989e+01
3.182048709068094539e+01
3.433795937400619636e+01
3.319437857127859104e+01
2.861807166707241379e+01
4.157107954235428338e+01
3.285576696888256265e+01
3.521454457912086866e+01
3.147970189948313546e+01
3.360144332697350222e+01
2.913809130826857796e+01
3.112207675166575882e+01
3.308243069057617447e+01
3.475156339310312603e+01
3.006404190318554726e+01
4.097074643557961338e+01
3.770135502279937612e+01
4.172980334634971911e+01
4.030750595999521124e+01
3.342316911505943011e+01
3.495915239780946848e+01
3.437321613066637127e+01
4.575851381556017827e+01
4.047895779147559381e+01
3.621993088988802612e+01
3.375327459638768346e+01
3.704804680203370282e+01
3.864810442500267840e+01
3.814302927342750138e+01
3.620305756683593046e+01
3.728257486860655234e+01
3.913505487400250615e+01
3.231165371740377168e+01
3.320200070265099868e+01
3.611878627578973777e+01
3.090072021977144701e+01
3.410932209353913436e+01
3.213436835476846909e+01
3.822901718263071302e+01
3.343604054918662882e+01
3.662329514671009889e+01
4.025299751400021364e+01
3.155945730514800118e+01
3.256419722497837199e+01
3.812550195298116762e+01
3.592700475830658746e+01
3.560314223042997384e+01
2.848113131314849866e+01
4.116428550925432006e+01
4.011640544927265495e+01
3.293355367125536048e+01
3.744700032904192000e+01
3.387224674994732965e+01
2.939621022511264670e+01
3.864277573848282543e+01
3.620013262641836604e+01
3.092686210747693920e+01
4.469486131592677935e+01
3.412429829053299812e+01
3.152996906419819467e+01
3.111901535621794324e+01
3.756616786239873562e+01
2.972766704368215329e+01
3.126503958358035007e+01
3.839502232977839213e+01
3.314897617902879290e+01
3.793418741457293208e+01
3.864421366941829206e+01
3.518614804998345136e+01
4.983887023666943605e+01
4.257259881274595159e+01
3.477064168672767863e+01
3.409929005889046749e+01
2.823415803768343224e+01
3.634720638619645428e+01
3.259130651542582768e+01
2.726386537162232671e+01
2.791200147729347947e+01
3.631347037995687543e+01
3.793658937788676866e+01
3.068219651720566787e+01
3.951777549238101273e+01
2.715712391206079701e+01
2.800936154045217208e+01
3.478570957781438011e+01
3.350478881541772580e+01
4.040732479967606139e+01
3.566624784432072204e+01
3.463640888369754833e+01
3.614227732950730143e+01
3.497367477272963043e+01
3.204257150604025384e+01
4.391725771896559394e+01
3.384679352153263210e+01
3.502080540851590484e+01
3.194911530786034248e+01
3.531666547609111007e+01
3.434213677282539834e+01
3.946705968155220745e+01
3.726464776299592074e+01
3.581804520018926041e+01
4.417376906858432761e+01
3.399829598575924194e+01
3.609732648981302816e+01
3.777967415777510496e+01
3.323299702690817981e+01
3.065006649345354717e+01
3.670411536314873757e+01
3.331139773002993110e+01
3.371119363693307491e+01
3.522414816813385130e+01
3.428808444680219480e+01
3.134454978228107791e+01
2.845102203225418691e+01
3.658515788190059936e+01
3.123331715377479512e+01
3.038152035568970888e+01
3.001518765397700150e+01
3.120077002697929913e+01
3.653571778784594670e+01
3.031252300363220087e+01
3.523720681636769569e+01
3.605728752222118771e+01
2.724938334919722038e+01
2.607531502685932878e+01
2.751880328423771616e+01
2.922141927916214144e+01
2.948264238857481345e+01
3.439415072466180590e+01
2.966798446108219167e+01
3.551965989056268569e+01
3.444547741944354158e+01
3.475720328743410192e+01
2.928864363652319014e+01
2.643628092675852415e+01
3.072350013629594656e+01
3.256026079649969773e+01
3.534511653735665959e+01
2.849230783388870236e+01
2.718071231827876133e+01
2.648808740759828240e+01
3.204309187842864759e+01
2.973557152184299923e+01
4.030550258576526090e+01
3.341309462457176238e+01
3.199970086178584694e+01
4.191075276817712592e+01
3.170403437089676046e+01
3.536472938291366575e+01
3.048336713639161033e+01
2.897806022110694357e+01
3.252417439035595947e+01
2.887986515026169698e+01
2.698063909701862073e+01
3.463116404020845351e+01
3.738230462522045627e+01
3.633247957634814895e+01
3.723881220789426294e+01
2.808258034734519271e+01
3.593506839498568439e+01
3.803312670671775209e+01
3.978622318144534376e+01
3.540508112169423072e+01
3.175701258785213810e+01
3.499105147382697112e+01
3.180480322305514562e+01
3.132286119244075095e+01
2.828462732931391344e+01
3.237595658053655256e+01
3.280889504371082666e+01
3.826108963480309910e+01
3.435669256796298043e+01
3.734283205732194943e+01
2.916243134382091640e+01
3.689424782946052517e+01
3.517855485329086207e+01
3.037605979437678272e+01
3.528495693470662076e+01
2.949065592329485241e+01
3.226355400598851730e+01
3.115465353013084382e+01
3.724274924286763166e+01
3.351576207755944381e+01
3.369357601926998314e+01
3.154578323644458493e+01
2.983946059894267933e+01
2.587818242658614665e+01
3.235342212538058249e+01
3.176679300656939020e+01
3.832694849153043037e+01
3.428301621020676038e+01
3.569441662797870407e+01
3.280366846998911257e+01
3.415034751586172490e+01
3.641647787960305038e+01
2.825485047867167765e+01
3.244592714908434772e+01
3.561476221811037846e+01
2.895156999171229018e+01
3.118231682261158610e+01
2.571918746189869154e+01
3.417612780997022526e+01
3.320827275987123528e+01
3.634103962759159145e+01
3.455675070774603341e+01
3.189491203620434234e+01
3.193323142579096086e+01
3.012143103149616152e+01
3.846726844832525671e+01
4.449161962804561909e+01
3.010635588016962672e+01
3.284051219995281201e+01
3.979509583249821247e+01
3.050749177960179992e+01
3.766153601590330879e+01
3.246515308546292289e+01
3.045460016263129432e+01
3.580700825566003687e+01
3.252026927860058692e+01
3.581163794868862027e+01
4.274832394321199303e+01
3.259047934066867924e+01
3.550192833646698887e+01
2.911254795317888266e+01
3.387245113251039186e+01
2.974275630217544375e+01
3.445604205217508564e+01
4.914930447696249871e+01
3.238300201895884101e+01
3.159789935871633304e+01
4.382214152681347485e+01
3.426548512695097770e+01
4.340229102618630463e+01
3.119977229469554914e+01
3.029239611066252991e+01
3.035322483264728888e+01
2.883907183063312374e+01
2.913935630545319810e+01
3.680382762731898083e+01
2.829680284899286846e+01
2.945423977558643713e+01
3.025887047200079039e+01
2.907517468336478927e+01
2.821223513369008273e+01
3.074840962590141302e+01
2.852361863055188707e+01
3.506630169014700726e+01
3.550849122715685269e+01
3.610428411019993433e+01
3.061613821539885905e+01
3.736680870730451431e+01
3.545963076005451597e+01
3.479732580224253979e+01
3.796392003639511614e+01
3.182911641159027738e+01
3.616779024472570825e+01
3.461713581362811709e+01
3.953067623359751792e+01
2.772537019296557403e+01
3.107949337895222897e+01
2.504003579287258674e+01
3.120394218125759878e+01
2.586920002944321695e+01
2.971816563466902750e+01
2.785303920253509702e+01
2.222040235935896035e+01
3.531373940237934050e+01
3.814499115968846610e+01
3.599830163385993131e+01
3.248589693143918566e+01
3.361574841922426771e+01
2.811422860031732895e+01
3.512271254515982832e+01
3.258465626813417515e+01
3.460566809316117087e+01
3.103098018791489565e+01
3.428668243488830569e+01
3.028897447402006193e+01
3.156960276053395020e+01
3.292930299470543787e+01
3.027446112223402608e+01
3.256544136065865302e+01
3.895703814850995172e+01
3.177557887302984341e+01
2.569454394535985031e+01
3.445077049560766369e+01
3.429677879699058707e+01
2.972904785221240331e+01
3.132768257427626679e+01
3.564789178791823332e+01
3.081823763808638006e+01
3.970436664707057872e+01
3.477802970417845074e+01
3.124274906010951725e+01
3.436024905590723222e+01
3.777802609727445571e+01
3.923048261356256461e+01
3.449191725616964277e+01
3.583928377782792296e+01
3.373165093039153817e+01
3.424598405822948166e+01
3.420279194377756937e+01
2.623500713722409117e+01
3.795205909588223392e+01
3.093775799920002711e+01
3.761685875916109723e+01
3.125752654388070084e+01
3.545383560084575691e+01
4.103528645625131333e+01
3.211596406540618176e+01
3.346059391205863420e+01
2.742283141370425881e+01
2.821655298916187249e+01
3.144376495587560782e+01
3.051257864337053860e+01
3.165482465429629499e+01
3.043983589824870606e+01
3.300677278282712024e+01
2.773226975904186631e+01
3.262482380013172900e+01
3.467626888548643649e+01
3.118734342864148346e+01
2.668881524712740116e+01
3.126966626675058691e+01
3.196171385609546789e+01
3.650659650911559595e+01
2.792479122219269883e+01
4.150557246065095285e+01
3.592871911938087948e+01
4.238579728650767464e+01
3.861131069358617651e+01
3.175325024526144801e+01
2.819803891198753831e+01
3.289165616993270902e+01
2.821904851609156140e+01
3.839615935107703137e+01
3.635685955445985229e+01
3.726004559620118783e+01
3.340167907469245989e+01
3.384612931916689149e+01
3.204649838037330767e+01
3.420318862779751612e+01
3.436768881342480597e+01
3.677313744702649956e+01
3.425348669562301751e+01
3.426658314829359142e+01
3.293582377466007216e+01
3.976104487626649586e+01
3.907659972493564737e+01
2.955382713772220882e+01
3.035702945967151578e+01
3.124722546582211535e+01
3.256427000921018333e+01
3.346781961259281957e+01
3.036309696498944177e+01
2.926398865819817630e+01
3.747003052615126961e+01
3.551882478470776050e+01
3.399311685252435211e+01
3.802157423422492855e+01
3.558859111296447963e+01
3.550260076868316617e+01
3.538195517048239935e+01
2.966609172422996821e+01
3.528248024889305157e+01
3.323738986404629259e+01
2.932660368682120833e+01
4.006749353996634255e+01
3.226041064172407147e+01
3.401612344544719946e+01
2.829877949742970600e+01
3.247711058653673888e+01
3.297721167040331380e+01
3.292423179361446017e+01
3.101214134103035036e+01
3.596336801660868332e+01
3.670082651870303891e+01
3.675853298111156420e+01
3.462612064129974243e+01
3.246580611864907695e+01
3.480999427519576983e+01
4.702845728593459995e+01
3.424196054946789047e+01
3.252307500741810031e+01
2.681333681804283131e+01
3.248973112828123533e+01
4.487128140411810051e+01
3.100369268029441727e+01
4.462143330648012096e+01
3.990800654740909437e+01
3.894513735731762694e+01
2.706790862020349309e+01
3.725623011661644313e+01
2.955494192289607724e+01
3.662405372132081993e+01
3.340112340220323262e+01
3.637096743752852746e+01
3.361990107752164647e+01
3.072821290723884502e+01
4.394710151580983393e+01
3.562075836408092044e+01
4.304263159095336988e+01
3.464025098094022326e+01
3.990920024886946749e+01
3.764849873428533300e+01
4.576226914736612628e+01
3.377696339464237241e+01
3.459590863603912680e+01
3.740495353698683800e+01
3.548641839808824017e+01
3.168069467054252186e+01
3.606190774103163221e+01
3.919297702663073579e+01
3.218994412177339370e+01
3.318724198082747279e+01
3.161921310031329213e+01
2.971519950059240855e+01
3.371789896703814549e+01
3.492184411116923570e+01
3.803994835052418466e+01
3.450296243549652786e+01
3.578633634448875256e+01
3.318307619086170490e+01
3.262601836014146528e+01
3.815964580682304330e+01
3.552853891338449444e+01
4.439218402078535064e+01
3.865560791770795390e+01
4.262744460402677760e+01
3.252776467115021575e+01
3.448377077880720520e+01
3.637337253366197842e+01
2.937701598476762399e+01
2.488638042774191561e+01
2.957018453201307295e+01
3.265346368712133795e+01
4.126338326159185499e+01
2.865956837289493819e+01
4.084164275865881422e+01
4.024599066762448984e+01
3.486619233089184178e+01
4.067230367505781174e+01
3.638260734906319271e+01
3.272026710102372249e+01
3.404771648913650495e+01
2.762113606582546765e+01
3.462534447411304228e+01
3.525673379719127354e+01
4.183657056744620917e+01
4.214570377886560948e+01
3.723966550170563039e+01
4.987815518948787741e+01
3.749940739141212021e+01
3.674691354826067879e+01
2.995705739910685139e+01
4.740041591598722448e+01
3.677331156299986503e+01
3.459378717325779462e+01
3.413574491820382661e+01
3.737209473633775758e+01
3.521727549552504399e+01
3.380869267836957448e+01
3.204087221033604038e+01
3.261288856231423949e+01
3.518254374699710496e+01
3.650562338436790810e+01
3.301719360369473577e+01
3.057499997951196846e+01
3.746543822798638246e+01
3.278331665550001617e+01
3.371825307698563989e+01
3.931606766476700443e+01
3.182412450955607852e+01
3.555647093221540445e+01
3.301081518274443027e+01
4.157843008546335994e+01
3.569118756565762141e+01
3.994509963776892647e+01
3.495750573907879044e+01
3.714170311432958727e+01
4.308986791216190682e+01
4.232633469498195922e+01
3.423662890859890240e+01
3.234461037593947452e+01
4.111080927569336296e+01
3.037639618031108668e+01
3.475486665080755699e+01
2.953444348008950726e+01
3.521005345933871666e+01
2.856676612173878738e+01
3.202324349357361655e+01
3.514537767441459692e+01
3.709484599577364605e+01
3.482286918740138759e+01
3.419140179029134430e+01
3.777046225072547969e+01
3.366862783242876134e+01
3.480194912848537570e+01
3.521390628658844690e+01
2.933096315733590842e+01
3.961490550335766159e+01
2.932676780762892932e+01
3.686553259106344171e+01
3.564797749279909311e+01
2.877985190944296789e+01
3.256317696052256139e+01
2.749048535482487310e+01
2.855224581078064006e+01
4.169252800950684446e+01
3.592685859216117450e+01
3.525273375782115437e+01
3.614509992726338794e+01
3.645781011878353439e+01
3.983663475055043079e+01
4.115223265635719940e+01
3.182519752755228026e+01
3.637541995112653126e+01
2.710322029524583343e+01
2.914677652030690425e+01
3.261626531758111014e+01
3.293960195152321546e+01
3.207483972395829852e+01
4.080565647875998536e+01
3.691881886344574326e+01
3.724798647415983055e+01
4.307713236787309086e+01
3.495009949687171513e+01
3.109471037024864515e+01
4.004294637168936788e+01
3.827407520258253015e+01
3.636314503927534503e+01
3.587251229956389409e+01
3.655753718121116691e+01
3.954228188237518538e+01
4.138007587047300717e+01
3.049744487224007727e+01
2.561605822399194210e+01
3.548765020961447902e+01
3.648158431876715468e+01
3.211240405443414403e+01
3.338627583009886735e+01
3.193646381893053743e+01
3.264621389723604494e+01
3.644009496934674530e+01
3.821210178775393729e+01
3.544449073079880463e+01
3.519587903056626743e+01
3.293038527384936742e+01
3.383043372451862751e+01
2.874086169291469517e+01
2.788444787069832742e+01
3.097729308539904736e+01
3.614930245318056734e+01
2.800365050240980125e+01
3.117675424626099812e+01
3.522628624047968771e+01
3.968522285883218359e+01
3.262340944307452162e+01
3.802437499654720909e+01
3.001847605333471236e+01
3.123713688475576333e+01
2.985470817720500847e+01
3.599593636323737655e+01
3.373167857374448886e+01
3.339701596259837402e+01
2.825528541651494763e+01
3.131552764982155779e+01
2.875106720699925233e+01
4.436466166545162793e+01
3.865371539745322593e+01
3.268582338152648248e+01
3.242848917293711963e+01
3.321263937899500007e+01
3.667682881424946828e+01
3.183105017524195191e+01
3.477735707758945694e+01
3.662283765790748191e+01
3.490234139115402456e+01
3.192508888051785121e+01
3.144007934423907002e+01
3.027385478275503417e+01
3.530771508085726396e+01
3.605335110693746969e+01
2.770776211982668258e+01
3.483421713577385503e+01
4.184690851857987326e+01
3.026721744788707724e+01
3.609598732070387683e+01
2.747714767603793007e+01
3.693176078863435663e+01
3.606681866360094091e+01
2.904965888231762960e+01
3.018533439634443383e+01
2.827576363938849369e+01
2.984292677873775546e+01
2.851632059261110186e+01
3.659028622131492625e+01
2.770985555137769651e+01
3.222179697442903290e+01
2.871532283497592175e+01
2.897509339339173451e+01
3.139017525297381184e+01
2.690036854505032338e+01
3.126881574101707884e+01
3.355885219058080793e+01
2.832268253710646633e+01
2.688251622917075068e+01
2.852554147784534422e+01
3.700371573358353317e+01
2.829380656695157370e+01
2.379778441882871931e+01
3.556131517401644970e+01
2.784356835543908915e+01
4.023400580724393194e+01
3.859213966030284126e+01
3.472578453488272743e+01
2.651944596558780276e+01
3.600143918787060926e+01
3.318209503856088816e+01
3.011558878280312612e+01
3.054312357337445860e+01
3.594685851607547278e+01
3.582584872719115054e+01
3.311602934346013427e+01
2.434189304968990797e+01
2.675708048719491572e+01
3.746164121728186558e+01
2.888716824623785229e+01
3.086532270181505666e+01
3.810825351250414883e+01
2.998611152272912150e+01
2.548874963730422749e+01
3.528213204126146252e+01
2.700187766089874586e+01
2.998870699301627241e+01
3.669547943902932019e+01
3.363527183920323438e+01
3.109681143864432329e+01
3.075744055797337850e+01
3.128005073618453125e+01
3.304247219162104443e+01
2.944970927501474378e+01
3.777122003948225171e+01
3.426959356862182204e+01
3.422773583019387900e+01
3.624425414389875755e+01
3.711635421503772392e+01
3.326723676359031856e+01
3.186235457646118974e+01
2.070712831229645801e+01
3.163307766555670852e+01
3.757875475387614728e+01
3.084751389228516416e+01
3.089423242779530554e+01
3.276644160834175779e+01
3.599916450652649047e+01
2.667449746749545270e+01
2.748343942087990754e+01
3.776690920846735366e+01
3.048461748745246780e+01
3.527485084874913213e+01
3.475563716052502627e+01
3.014513966257675293e+01
3.309642311745059828e+01
3.307714689083702808e+01
3.323454314849154656e+01
3.409770393140516376e+01
3.170860305454225880e+01
3.256712180464557349e+01
3.598004737249741680e+01
3.164882665230789982e+01
3.069552465393855911e+01
2.781310474905980712e+01
2.535364105063132101e+01
2.539244779788094064e+01
2.714380754492535175e+01
2.738604109841220691e+01
2.794545562102848280e+01
3.650077213395582731e+01
2.584417563940440132e+01
2.979231312363297945e+01
2.471378267899685355e+01
2.905378017849242056e+01
2.775210268090510368e+01
2.711337773249165650e+01
2.783339106322114276e+01
2.832565538743524769e+01
2.927734273299117973e+01
3.186094215468812862e+01
3.217360423733109087e+01
2.775439478741322574e+01
3.104754405122650596e+01
2.727160574169055351e+01
2.702316126801332175e+01
3.123441169676818063e+01
2.187578316486484553e+01
2.640862312108216514e+01
3.023513966702088496e+01
2.729792604514127063e+01
2.296046747745739225e+01
2.947130944508216643e+01
2.819311391861614879e+01
3.711962995214919658e+01
2.627169269181939981e+01
2.220302918799706404e+01
3.415614920691760403e+01
2.454629358220471502e+01
3.293716094926499949e+01
3.152429859494084141e+01
1.946229548624139127e+01
2.296657641474735456e+01
2.685446212365355123e+01
2.406761611220464303e+01
2.282974452724220527e+01
2.558179246553059372e+01
2.426080121813816604e+01
3.142317185696561310e+01
2.638028486806829775e+01
2.788955641063429880e+01
2.729886609144217502e+01
2.827615159347664431e+01
2.855789184320727259e+01
2.531023320056054615e+01
3.038355513334028402e+01
2.607803720315562401e+01
2.279687707929768337e+01
2.914911074523848455e+01
2.429985046516131675e+01
2.008695672500839891e+01
2.485018239715967425e+01
2.542220982556658626e+01
2.608783931592843430e+01
2.178442188453970019e+01
2.261818833361085623e+01
3.125971283699329106e+01
2.166313260732217572e+01
2.036761016255317713e+01
2.533808600940713518e+01
2.412445099685659144e+01
2.307376751332833464e+01
2.636763143857858793e+01
2.980163124920003170e+01
2.885879123835005089e+01
2.771617142640691611e+01
3.089980935425248987e+01
3.268518280057404013e+01
3.020523066943707846e+01
2.359770133945431070e+01
2.736590284330497624e+01
2.516973819261344403e+01
2.110896606008761012e+01
1.691098776415056193e+01
2.598985935536606462e+01
2.243663377123088765e+01
2.379759640148431643e+01
2.946603521322134966e+01
2.502372512712265618e+01
2.692266381829442423e+01
2.104704016731066218e+01
2.143732068524606049e+01
2.779573557309991116e+01
2.673412012562700824e+01
2.040389682818750217e+01
2.343330887863847778e+01
2.310683864873570315e+01
2.423506279292412557e+01
2.546153135261233658e+01
2.009839447517899913e+01
2.740982151171964176e+01
3.150852322391460802e+01
2.773267323223239700e+01
2.238594147082605090e+01
2.136599290305732524e+01
3.071259276735214883e+01
2.400772041159892467e+01
3.425554417039140986e+01
2.689977653357142273e+01
2.410569626340481619e+01
2.580508367729702357e+01
2.502597338724735465e+01
2.127047406142535380e+01
2.376671358606449758e+01
2.363221800067405098e+01
1.998160355087915718e+01
3.030371534297151825e+01
2.272757891229466765e+01
2.186947132975533847e+01
2.043605534512259325e+01
2.405726035793943396e+01
2.217794436894865129e+01
2.147392339832805774e+01
2.058655261959289717e+01
2.122310752035859593e+01
2.016533596856760724e+01
2.235663331853727342e+01
2.552567091969087798e+01
3.017180985702176343e+01
2.410349990227969386e+01
2.475127139381901387e+01
2.470713552761979770e+01
1.973221675330530900e+01
2.758349015255837600e+01
2.900471139660984221e+01
2.764428808956218830e+01
2.835896514651867761e+01
2.202203873905055076e+01
2.931490502736869885e+01
2.817857162394708226e+01
2.027484577161256851e+01
2.136184125670896705e+01
2.182015123762688447e+01
2.681805685894563496e+01
2.313581683820736501e+01
2.694439474986893046e+01
2.430578045716681856e+01
3.084755615494450609e+01
2.972837993381317645e+01
2.210028532415893210e+01
2.176033317013299140e+01
1.873805370423482586e+01
2.212368426120086795e+01
2.229282546204259674e+01
2.277549972451826221e+01
2.308889172800265399e+01
2.397612370248521074e+01
2.374283146421224799e+01
2.798723681045388290e+01
2.366479173362507638e+01
2.136926981952900562e+01
2.390428222833154592e+01
2.281897967989651832e+01
2.218192189276303594e+01
2.043207640267351621e+01
2.757883846338362233e+01
2.389981028252838868e+01
2.207709417440596056e+01
2.313045104767948601e+01
2.630943447261372370e+01
2.654445927588709608e+01
1.622279907472725213e+01
2.378638307124896656e+01
1.782234584546131728e+01
1.977696340510053119e+01
2.250110908067361848e+01
2.311094641220157797e+01
2.384067913398085636e+01
2.275703093539955191e+01
2.466090809645461235e+01
2.746121282691759546e+01
2.893493598286850244e+01
3.148278152133624985e+01
2.190859869397243642e+01
2.510626850820965217e+01
2.275198013828220667e+01
2.681132684512681053e+01
2.479020308118976246e+01
1.954170134128803582e+01
2.003939495455777120e+01
2.487472960001788280e+01
2.619449726125908740e+01
2.354136925447140527e+01
2.407037474427954749e+01
2.578283963581903748e+01
2.033456765862770865e+01
2.809956622701282924e+01
1.906977100580369111e+01
2.204344215602009172e+01
2.492540856115821057e+01
1.962930948297751854e+01
2.536000992732362036e+01
2.088596399815292060e+01
2.275415643672640797e+01
2.728540238190820588e+01
2.206586429233867008e+01
2.429040405738734876e+01
2.214498588335969487e+01
2.395256559806579233e+01
2.389077039536698521e+01
2.301036010482066985e+01
2.380823843691751307e+01
2.405153562956187585e+01
2.338870584794613094e+01
2.657350560661678074e+01
2.183980214396646247e+01
2.405768829933451514e+01
2.601102132080392337e+01
1.949211541911392231e+01
2.704795277604378612e+01
2.590522486718437278e+01
1.838193844488959172e+01
2.275628568215886105e+01
2.641851546471756507e+01
2.181104778739513250e+01
2.101530429939407796e+01
2.552983194682364854e+01
2.384379853956757955e+01
2.090598377979417677e+01
2.177310903382895191e+01
2.805367030340227430e+01
2.458423598866747994e+01
2.487611617152263577e+01
2.173701781639529074e+01
3.081232790712022407e+01
2.230366817765944987e+01
2.466547577307032668e+01
2.322840102372544990e+01
2.657571125673319656e+01
2.464575699116395668e+01
2.434188145197655118e+01
2.069770265149623256e+01
2.187532434878125187e+01
2.389268452581735858e+01
2.132774973262361939e+01
2.614885659456429323e+01
2.743839004068873066e+01
2.458460201566853698e+01
2.874180923783354658e+01
2.196985850355402192e+01
2.133510227796403669e+01
2.330650400556784874e+01
2.499723483538474156e+01
2.031400691702682693e+01
1.942096513703115690e+01
2.321742646322288195e+01
2.393097144036280000e+01
2.526114048881228769e+01
2.315273895400251192e+01
2.186429638996443714e+01
2.473206175900538994e+01
2.226581353117710549e+01
2.775047070256908555e+01
2.381677081530326134e+01
2.507543129789062419e+01
2.739087379178602433e+01
2.695849928014984442e+01
2.058519239954550883e+01
1.993365252653746822e+01
2.377233226277687095e+01
2.140897679849102886e+01
2.133327546101257965e+01
2.085777216581146476e+01
1.846536946844637583e+01
2.199336322318093906e+01
2.275181289133102780e+01
2.165059272310709204e+01
2.182044751364805890e+01
2.158903694860602229e+01
1.534827686092890353e+01
1.894496613786022721e+01
2.369286988424562423e+01
2.057714754616988984e+01
2.297947691371983581e+01
2.168720551671167485e+01
2.143901745080828647e+01
2.361408489047543213e+01
2.031338766872914547e+01
2.110037119437476250e+01
2.216479859207795755e+01
2.478477978242959878e+01
2.386195095260976373e+01
2.207720404093713995e+01
2.042249084394098801e+01
2.009108991715722325e+01
2.076673766439676783e+01
2.049257869093906237e+01
2.068611609751355118e+01
2.408494198096593664e+01
2.426046430019856714e+01
2.390962802176984425e+01
2.933130141078545350e+01
2.688974907883156007e+01
1.840165879313558506e+01
1.996501235039799838e+01
1.918404570540687715e+01
2.055808266318974376e+01
2.161843400090109668e+01
2.151596531173275295e+01
2.083870961516528197e+01
2.239071836538758475e+01
2.107122942529359477e+01
2.019905887070729378e+01
2.134530908478553002e+01
2.210146338609276029e+01
1.657568564445670845e+01
1.775253143612353668e+01
1.874032180281035664e+01
1.822672590557570871e+01
1.941853048922247638e+01
2.031839230090821502e+01
1.930737690708224719e+01
2.149523350108377429e+01
1.874499803472002313e+01
2.091786913046695062e+01
1.578029697274131671e+01
1.805055497181111690e+01
2.396241908671825627e+01
2.326039113708380057e+01
2.073839356796129607e+01
2.126165786424222759e+01
1.638279147909267408e+01
2.261501895075766200e+01
2.397274631599332295e+01
2.181319915441475032e+01
2.084466599004893439e+01
2.075024881125852616e+01
1.884610577155692823e+01
2.468768726080690001e+01
2.122816887666915875e+01
2.307159678073287168e+01
2.373201788057253481e+01
2.223774311872307408e+01
2.202241678094159738e+01
2.446243064288384161e+01
2.153758057416572669e+01
2.395143865753960810e+01
2.404316203853709411e+01
2.111006962340537996e+01
1.760932023980753058e+01
2.078556595366571003e+01
2.075977395864170916e+01
1.938196130075640156e+01
1.971177687908415166e+01
1.843458390479035103e+01
1.904384558228893809e+01
2.039206577784305097e+01
1.757091877138602598e+01
2.029100382673982494e+01
1.814474828865368750e+01
1.941600878140143394e+01
2.104387144290924994e+01
1.611239155741967721e+01
1.970639662626027189e+01
2.115264398252556433e+01
1.581495706633223364e+01
1.946039252852311208e+01
2.268026550615065418e+01
1.732497468697981802e+01
2.228629351989657437e+01
2.205987409743269012e+01
1.710511446949553260e+01
2.036157406228523215e+01
1.716441551833823098e+01
1.909830692593860846e+01
1.968524145761148603e+01
1.628620865504623438e+01
1.690685463103098130e+01
1.960759792899742848e+01
1.953586442704107640e+01
1.756609891493545206e+01
2.058968580776452484e+01
1.782534125171219586e+01
1.756025967701627977e+01
1.875559455174925105e+01
1.576687306264729216e+01
1.738070698704004258e+01
1.965406958973465024e+01
1.528151068451814076e+01
1.830907468211239930e+01
1.926788337862207001e+01
1.787719140412902874e+01
1.615219686989527759e+01
1.829622382069457132e+01
2.129606337829970641e+01
1.755919809020477373e+01
2.006529852069222031e+01
1.716857539742673211e+01
1.549454178655415504e+01
1.651458021864641879e+01
1.721655971174513411e+01
1.910699553932786543e+01
1.917026012200745910e+01
1.576485479941677070e+01
2.025681741396817515e+01
1.842395748327076177e+01
1.963001337394659984e+01
1.603093162213334111e+01
2.077447971005117822e+01
1.549455133527725437e+01
1.708601216858819782e+01
1.813987245675109961e+01
1.921803286764953000e+01
1.674300380439429148e+01
2.358805034748009888e+01
1.676743625892607881e+01
1.934208974978183804e+01
2.016389197206877881e+01
2.010950459349440678e+01
2.080570072787988778e+01
1.908270202812781946e+01
1.521205222898014142e+01
1.869061359054269644e+01
1.841958666601187744e+01
1.810748640398686504e+01
1.978267770114892699e+01
1.657815749567701857e+01
1.848339772870955500e+01
1.895185205339454626e+01
1.649781517035836842e+01
1.594964351394053459e+01
1.822619001496348901e+01
1.689016558851531613e+01
1.846194537837392602e+01
1.997801605103081712e+01
1.928774074666355531e+01
1.692280561138763417e+01
1.522666055745266078e+01
1.804836915193132540e+01
1.744972805291824614e+01
1.662253982495730043e+01
1.626147835689550547e+01
1.854372438213142971e+01
1.567934141758451894e+01
1.724634908322798310e+01
1.587334981133878564e+01
1.759864396719375534e+01
1.807065052016440632e+01
1.499208725009138732e+01
1.656028872354754355e+01
1.691996779098693793e+01
1.684326019538265129e+01
1.338462459417745620e+01
1.619877078976142926e+01
1.670357041286621680e+01
2.118076601600950326e+01
1.331132762558957872e+01
1.651217571312224663e+01
1.470109162270456871e+01
1.800593082297898562e+01
1.884716028458578307e+01
1.667985366860260044e+01
1.614468442005508209e+01
1.536192644089613779e+01
2.120258743074327512e+01
1.793880171447128902e+01
1.731344441503824783e+01
1.977821309210981582e+01
1.983841868257334085e+01
1.872881423356588115e+01
1.791199096155534676e+01
1.683954021825882919e+01
1.608789562235411097e+01
1.840826856273657341e+01
2.042782513078716278e+01
1.754522722721633343e+01
2.124005281251670141e+01
1.661831018147820416e+01
1.812745153686459432e+01
1.692485745845573319e+01
1.406077620274971451e+01
1.971202133636617049e+01
1.635478554996860723e+01
1.608944401204061236e+01
1.643182477760170812e+01
1.384725515840952248e+01
1.717115368528116193e+01
1.743893282180803084e+01
1.689665595233667261e+01
1.595271272188878520e+01
1.729764316591696627e+01
1.543435148357880671e+01
1.801670985255465141e+01
1.693663794185489380e+01
1.734195831317300218e+01
1.675849930701651758e+01
1.871604498838098252e+01
1.344461315767394183e+01
1.745727763651349562e+01
1.453131236108359481e+01
1.498554030430846495e+01
1.765521241021475518e+01
1.792233251703486019e+01
1.348480943172583046e+01
1.675542506187684211e+01
1.976712435751041141e+01
1.163671995081451982e+01
1.735986878395427979e+01
1.488960809218001735e+01
1.713458478975029564e+01
1.434833641148113692e+01
1.685814951240962856e+01
1.582313792976471944e+01
1.607739608482345517e+01
1.292012189127062172e+01
1.831740727393108159e+01
1.470946687487721682e+01
1.389908679995280849e+01
1.517764830945578680e+01
1.658381991844584391e+01
1.299748156117810183e+01
1.633832614296552421e+01
1.418105308016102839e+01
1.492066181453522233e+01
1.545525851304086018e+01
1.461005576607042933e+01
1.551221800389185823e+01
1.782938109216628675e+01
1.481775476237883282e+01
1.750518935463620096e+01
1.661388541798497442e+01
1.317955637680014824e+01
1.491795399874384032e+01
1.492061444997625586e+01
1.428371454546090114e+01
1.751842261841655812e+01
1.794100782701968910e+01
1.782969771376720303e+01
1.475749457970751344e+01
1.625204179141646321e+01
1.593707869654248732e+01
1.520071465664394239e+01
1.564444545973757172e+01
1.362848657915917272e+01
1.371896457083096976e+01
1.332745184938016969e+01
1.703289937884001404e+01
1.462069918033023264e+01
1.459203775446631823e+01
1.730930157573336459e+01
1.531464382101676591e+01
1.995288275424384139e+01
1.567830626929425719e+01
1.727024481932189204e+01
1.575864344373304959e+01
1.703814718589733346e+01
1.664774783981126660e+01
1.601205427226953049e+01
1.453946627548620008e+01
1.404986873418567228e+01
1.733394966293374750e+01
1.267459271812596455e+01
1.383630125176895120e+01
1.584832088507484826e+01
1.769271131678431885e+01
1.757059908468316678e+01
1.605096865930456929e+01
1.403967115919616226e+01
1.360370494435834665e+01
1.489826074626606633e+01
1.691036929662709198e+01
1.317436139819084850e+01
1.516610484873323017e+01
1.498112835118987896e+01
1.450236155388648207e+01
1.704569584400610438e+01
1.613062059671430859e+01
1.263340176177235641e+01
1.608803469918880324e+01
1.737430582832141468e+01
1.438955246437350510e+01
1.465838261870496062e+01
1.387590663960251547e+01
1.683039964506638952e+01
1.418435305825732762e+01
1.913254773004089060e+01
1.397305925713759223e+01
1.583922326752181142e+01
1.611066468817368502e+01
1.628678261170841779e+01
1.419689056922324433e+01
1.610870925014197041e+01
2.049938029536757256e+01
1.386133801934956189e+01
1.431607636319950139e+01
1.586650171685160160e+01
1.484342319877018035e+01
1.213629857382526822e+01
1.557854864573726417e+01
1.550093323678219726e+01
1.480419364651187841e+01
1.635720928561571341e+01
1.211987717504363360e+01
1.583690078999938500e+01
1.332324267938443008e+01
1.555285582416451717e+01
1.320292023802185355e+01
1.545731714327717832e+01
1.841638736959329847e+01
1.378979240604739687e+01
1.194192264380287227e+01
1.509509938857427791e+01
1.580017526302646935e+01
2.020650339127153572e+01
1.795123255235119686e+01
1.584835247743191466e+01
1.363749138037658604e+01
1.456768840114035157e+01
1.511917280706499156e+01
1.204865263066594672e+01
1.501157451005828847e+01
1.668344998212269559e+01
1.280509522794720212e+01
1.546762849667066497e+01
1.217665786105234105e+01
1.614807252406589910e+01
1.167125675137500984e+01
1.216710536755269167e+01
1.574199211429616696e+01
1.652005111378001700e+01
1.422729703701933701e+01
1.138899779956548919e+01
1.499791757810719162e+01
1.478449507917948935e+01
1.532338682199804936e+01
1.278210524681771254e+01
1.225219837177338889e+01
1.398627484781378882e+01
1.562355600489067875e+01
1.604840928690692792e+01
1.434058355198401458e+01
1.429654214142254176e+01
1.250068540413110441e+01
1.650029750345864699e+01
1.533313708494249816e+01
1.168172462156646674e+01
1.606708801839455703e+01
1.662080257267817984e+01
1.347507011140325162e+01
1.350458155015377137e+01
1.184847518251232934e+01
1.386346723566980010e+01
1.256463242751879328e+01
1.330779734838145245e+01
1.720367876200159785e+01
1.543810187099885489e+01
1.659450947943594556e+01
1.212707385849019381e+01
1.475604382028981298e+01
1.452748887927928223e+01
1.539380634508049717e+01
1.378668390372227393e+01
1.724020105709872297e+01
1.368442316325447550e+01
1.269273137453318867e+01
1.420443067965667439e+01
1.411300651995047239e+01
1.363132615454949104e+01
1.215610201865398921e+01
1.662689155330242841e+01
1.299454021340089405e+01
1.347298621931403240e+01
1.137358544636339808e+01
1.630954959036093044e+01
1.334367442361595479e+01
1.424178297373046398e+01
1.321710103878632658e+01
1.574760928763015322e+01
1.554145439139841045e+01
1.617122882881697166e+01
1.290181150640797547e+01
1.535946423442595155e+01
1.494418728674193098e+01
1.339694772756537944e+01
1.484938965520183451e+01
1.150448183413816139e+01
1.065408937268564848e+01
1.477794917606832570e+01
1.403174698201970472e+01
1.475232483530088246e+01
1.777968884750955425e+01
1.436560937232376034e+01
1.200541450820150402e+01
1.290743005469719229e+01
1.601363982216415494e+01
1.540428352252209088e+01
1.298054498993296946e+01
1.516358930955836115e+01
1.618694710614038001e+01
1.286325141258168969e+01
1.287293765338099583e+01
1.353085343904054483e+01
1.490062857945898855e+01
1.336712877544360900e+01
1.326694142486475769e+01
1.330709952328385093e+01
1.112460715823882396e+01
1.275382692214982860e+01
1.584729293868605104e+01
1.338755098226334361e+01
1.363169634340699332e+01
1.174042872114577385e+01
1.090861062887896438e+01
1.172953680113886321e+01
1.566776475567567140e+01
1.434401456574093814e+01
1.330828114850067578e+01
1.375727516585004828e+01
1.465004596214769883e+01
1.449094932669157032e+01
1.171600755667236804e+01
1.463383064022355562e+01
1.159099140218329715e+01
1.695502457185684619e+01
1.431527825085496985e+01
1.548564569342245711e+01
1.321985052500535573e+01
1.275615660456978695e+01
1.381796046143859513e+01
1.342807170830386632e+01
1.432881461760716135e+01
1.316903305507167943e+01
1.085424753627034455e+01
1.182938427903253498e+01
1.144041211329886387e+01
1.392102763484367145e+01
1.247486895466007084e+01
1.446978715231116297e+01
1.380281019496669792e+01
1.114383291767132000e+01
1.231915291272877688e+01
1.283376242255022603e+01
1.401645188982363521e+01
1.429352127020815288e+01
1.318785332232245544e+01
1.080767215405222714e+01
1.290258407524845552e+01
1.323677795597290974e+01
1.390526890016752581e+01
1.089680383574994238e+01
1.392939626551233978e+01
1.140877773857475219e+01
1.250486593052847617e+01
1.264132503271783392e+01
1.214767471517495956e+01
1.381155642123569649e+01
1.044151631265597224e+01
1.419495054314220539e+01
1.829617739570483437e+01
1.121542101047863760e+01
1.517482681025932401e+01
1.592118094554035679e+01
1.140600526024138439e+01
1.490696552188705226e+01
1.277060192532235838e+01
1.397577979680455229e+01
1.628697426291044792e+01
1.364318902885377227e+01
1.389114254337230037e+01
1.299869436940253919e+01
1.432516797783540774e+01
1.670096590607870368e+01
1.150543731217183385e+01
1.324792775898610131e+01
1.405572585368007843e+01
1.592919197481962357e+01
1.239852499098864236e+01
1.272244269110630732e+01
1.562944054996563814e+01
1.345796384517927891e+01
1.264435144383107712e+01
1.524349777398559169e+01
1.277685794830651744e+01
1.291226726192280694e+01
1.259984529996638436e+01
1.353796147957218032e+01
1.041057344363322912e+01
1.347704123958265576e+01
1.346357413900270039e+01
1.683408713046039296e+01
1.251964929726520914e+01
1.419382375613369440e+01
1.518532601729299181e+01
1.454502100897050632e+01
1.193862135447480100e+01
1.356630371602753016e+01
1.169486144785789072e+01
1.225261031688415159e+01
1.284335029439177411e+01
1.228633435867902612e+01
1.138849464356397867e+01
1.392956629722207751e+01
1.357364056792609297e+01
1.353026032818672242e+01
1.579077816402508283e+01
1.353642345784680145e+01
1.443723923233687323e+01
1.547421772521566474e+01
1.327832279008289973e+01
1.470992815994520519e+01
1.228684885069635868e+01
1.362369110954180229e+01
1.030022428869087037e+01
1.428310836101971759e+01
1.487942128614707293e+01
1.426470625638786416e+01
1.248947878523435939e+01
1.419237692663640615e+01
1.666673307129384796e+01
1.220598601890530688e+01
1.260782106269162561e+01
1.491501127363944690e+01
1.665977110277021112e+01
1.666457375322387691e+01
1.561074040433972243e+01
1.247741749792119137e+01
1.508038935260031188e+01
1.561241043648544746e+01
1.629803658618657280e+01
1.388877392385333742e+01
1.290142434227070645e+01
1.397194558569551859e+01
1.268298721358339520e+01
1.594524041148344828e+01
1.208433228354079425e+01
1.133215946494572179e+01
1.340525542896971523e+01
1.287881328639459255e+01
1.282089795254842635e+01
1.322855022652706047e+01
9.682360750128889748e+00
1.271670946031066407e+01
1.344624383747723684e+01
1.212603068289003616e+01
1.173802390331337087e+01
1.368705921237702761e+01
1.492108833875342988e+01
1.468897048985574116e+01
1.301957872946195316e+01
1.094158573979133919e+01
1.084654216179811748e+01
8.912948598154649460e+00
9.934858322421629140e+00
1.278691808769805149e+01
1.321896892771122367e+01
1.475820208508571518e+01
1.427148013774574409e+01
1.227157633741778220e+01
1.053959436310421971e+01
1.248115740464178991e+01
1.293780915823915834e+01
1.033097600603921151e+01
1.366818877038795144e+01
1.325398022979416446e+01
1.321846042386156128e+01
1.457994628944217119e+01
1.298779401313514903e+01
1.450496263525943696e+01
1.145844361538908807e+01
1.149972091666302099e+01
1.036571406276938490e+01
1.538545105155994719e+01
1.275683522994701669e+01
1.267276154898765483e+01
1.316180616876459375e+01
1.176248044857854680e+01
1.389300854577466993e+01
1.194196516982450618e+01
1.239418687309618150e+01
1.177735257144134096e+01
1.531172676624855100e+01
1.328386004862340819e+01
1.242212981599220001e+01
1.093960359676551697e+01
1.287038188219829138e+01
1.238444977297079497e+01
1.103515043167272758e+01
1.352201428202590172e+01
1.502983357686268384e+01
1.208284299720167176e+01
1.049037637154920510e+01
1.228454651397855812e+01
1.122187118323776289e+01
1.109760164557214956e+01
1.299724103647356266e+01
1.188424509965117082e+01
1.285802874164631859e+01
1.212640602754272123e+01
9.806241593526955569e+00
1.004680348117166844e+01
1.383994463016268206e+01
1.355746048242563084e+01
1.376695626939701711e+01
1.157804602933190985e+01
1.139668359963951616e+01
1.165786073177160631e+01
1.226750487083282160e+01
1.135844712914936316e+01
1.207468926884455840e+01
1.182169844669446590e+01
1.113518658777491943e+01
1.223356616128307017e+01
1.086137485960854931e+01
1.049474310184028347e+01
1.449752481550127925e+01
1.492651965879485942e+01
1.282448852357162394e+01
1.275512417323266234e+01
1.398525226133350330e+01
1.347395592677059106e+01
1.000512070269936871e+01
1.276440536606851062e+01
1.335653277162674613e+01
1.058537835217781264e+01
1.060703913634189099e+01
1.242172180266211434e+01
1.220382331935132747e+01
1.461666532586345291e+01
1.415333416908081077e+01
1.203523044783804430e+01
1.286677588013807139e+01
1.290554090698401524e+01
1.350622432557027430e+01
1.280255708527315406e+01
1.075807739385343176e+01
1.197321939454493922e+01
1.221246847884802555e+01
1.415821000770022309e+01
1.340546965038754301e+01
1.192549209968930946e+01
1.328651460699527931e+01
1.252416810669891056e+01
1.316884146872029326e+01
9.447114037737421199e+00
1.271175363021227156e+01
1.114350359552444836e+01
1.044796975948277584e+01
1.214341094641996222e+01
1.147761803726847596e+01
1.241296582294774709e+01
1.048246181809533262e+01
1.302780712094698856e+01
1.109054691240321944e+01
1.208623782529186919e+01
1.054049755656995302e+01
1.282563694187423842e+01
1.185440615454355573e+01
1.261686195292411838e+01
1.180908323300603868e+01
1.098709666923516082e+01
1.206174442696636717e+01
1.234735038573354871e+01
1.304806851168346604e+01
1.063927405498093393e+01
1.200729851736717535e+01
1.185405192004184727e+01
9.914162763992178995e+00
1.083288292164310640e+01
1.145196150219390852e+01
1.130145894869268020e+01
1.237096268623213824e+01
1.369336777818333317e+01
1.116174306255228821e+01
1.272837571801966305e+01
1.321612894765475410e+01
1.261043499582098093e+01
1.190286808067677171e+01
1.567569792959704245e+01
1.322186973257701759e+01
1.053200922779446280e+01
1.158849735658944979e+01
9.573629264278473272e+00
1.301505141288819445e+01
1.161164676440434462e+01
1.003056015209551610e+01
1.019354828812935665e+01
1.103443249928982617e+01
1.228367114440221286e+01
1.366483510808503610e+01
1.162689634023639407e+01
1.315861261495128431e+01
1.268338802386577235e+01
1.067009826916578419e+01
1.261824953484620160e+01
1.139178673669299613e+01
1.370944977312957214e+01
1.192587939582281109e+01
1.409175831188773564e+01
1.209332403742851447e+01
1.200970334131193162e+01
1.146146107849402540e+01
1.039133340892115420e+01
1.415469531095534350e+01
1.170462442274644133e+01
1.157425489568062105e+01
1.339193259116209589e+01
1.251736867605144177e+01
1.363838220686311153e+01
9.833716237832957674e+00
1.230456306052512971e+01
1.740119921553978344e+01
1.554546018631293514e+01
1.220015500087532878e+01
1.127206581187803458e+01
1.093074813617812957e+01
1.297137781016290603e+01
1.360722412220674649e+01
1.236844219971011682e+01
1.152436912274663960e+01
1.156391713266481425e+01
1.181783466188524301e+01
1.131213051272766279e+01
1.166771493877692123e+01
1.034145008461403847e+01
1.350724825809574448e+01
9.734237123393242541e+00
1.268172499868616043e+01
1.204504973547008184e+01
1.131085261042439072e+01
1.107020580468589976e+01
1.321106704992852343e+01
1.210091345595381362e+01
1.040636356333707369e+01
1.079733483006864780e+01
1.113235962841277349e+01
1.241289924380672360e+01
1.200021857039541295e+01
1.026086127334473730e+01
1.102240755203358091e+01
1.097568560685878225e+01
1.054866341087664239e+01
1.019360054627174428e+01
1.121457922729624634e+01
1.296391119714494344e+01
1.123343694990283126e+01
1.310080502819568160e+01
1.046424495830347290e+01
1.198404096219993065e+01
1.205888951574256929e+01
1.007622787448389623e+01
1.489588659241479718e+01
1.029619968719249989e+01
1.015179428602944967e+01
1.025141704329140779e+01
1.074240364103359013e+01
1.138662743219931528e+01
1.152973879966433479e+01
1.263209106830947981e+01
1.393565216790608474e+01
1.023159928873400837e+01
1.254688914113165232e+01
1.492455433703460166e+01
1.162878516462348877e+01
1.166821527165243033e+01
1.107182738193090188e+01
9.240031945146712999e+00
1.577618613962073546e+01
1.053722277500730620e+01
1.064447879203108727e+01
1.252438370175470084e+01
9.254090656074081878e+00
1.169239330863016235e+01
1.383583518034526527e+01
1.294316876712164266e+01
1.035175033912591935e+01
1.051160780761490976e+01
9.719380600194092779e+00
1.408576585160288985e+01
1.354732220981089164e+01
1.090345955590895954e+01
1.041461207195889926e+01
1.135749853354647954e+01
1.399827156657154070e+01
1.256943486438373547e+01
1.165093311536472065e+01
1.340982463745214481e+01
1.096662852977809699e+01
1.279588041279419208e+01
1.047399041946023068e+01
1.124727094791600557e+01
1.337050888848438213e+01
1.225855435364345958e+01
9.768604888036941603e+00
1.184439404279971519e+01
1.108175628187379935e+01
1.348686702044909858e+01
1.140654850503260853e+01
1.242688326027730383e+01
1.132956599016988974e+01
9.117574251765237392e+00
1.204505317171619971e+01
9.972049607328234089e+00
1.144714347397767185e+01
1.062200429816044789e+01
1.084398096393524469e+01
1.182674139470046981e+01
1.310107082595517625e+01
1.105613157553344372e+01
1.020788034480643347e+01
9.753060540908268905e+00
1.328198584640815127e+01
1.232818221784353874e+01
1.054143337426675764e+01
1.289997281925001893e+01
9.112676300519551020e+00
1.219878336050221357e+01
1.167547352594200838e+01
1.297951361534192216e+01
1.449934714806491520e+01
1.232371224860419900e+01
1.083541248473786922e+01
1.149796585510780034e+01
1.216987411653596851e+01
1.417134792616258210e+01
1.158014702576579502e+01
1.040871888624131536e+01
1.152044657417736495e+01
1.276054583515229446e+01
1.256070824028082811e+01
1.135172541709263605e+01
1.056964833267850246e+01
1.169438535916155608e+01
1.258181999754432567e+01
1.120629427669629941e+01
1.306499324133791617e+01
1.101318556254847181e+01
1.077210411205765084e+01
1.134859607715831231e+01
1.051126615391284780e+01
1.053156381517892726e+01
1.127251420514440206e+01
1.053511500721574912e+01
1.060381463350752718e+01
1.081567921038807611e+01
9.679646848641281665e+00
1.179348863345058973e+01
1.324489413160065610e+01
1.427582944751497074e+01
1.446380705034635206e+01
1.179399530482153224e+01
1.329118561137562615e+01
9.977451258340764184e+00
1.143677898755760758e+01
1.103381982692444829e+01
1.245464900601844960e+01
1.323984035662389225e+01
1.238845567840558282e+01
1.046543025650680114e+01
1.089153019076269224e+01
1.238648744241501198e+01
1.127940721996735718e+01
1.218696409345376352e+01
1.052122140959212260e+01
1.046143574527863862e+01
1.068310792657369745e+01
1.038827762089343665e+01
1.272376006899317957e+01
9.983981126962572006e+00
1.172069647644190660e+01
9.816617048274428825e+00
9.885052451842554433e+00
1.035042715006257374e+01
1.261716022400463011e+01
1.163845787744771521e+01
1.075835879091810199e+01
1.407240721102600745e+01
1.212680169137751385e+01
1.222509976364937323e+01
1.283817621726036506e+01
1.060217853575312752e+01
1.142395237138934760e+01
1.190957767212445262e+01
1.213229393399451084e+01
1.276733533526064512e+01
1.273457812110866527e+01
9.846153886210894157e+00
1.048496267072504651e+01
1.220751359434014205e+01
1.234953664327779954e+01
1.274454728635268097e+01
1.035236689366299068e+01
1.364978174815421674e+01
9.534783854720505047e+00
1.213978461404811071e+01
1.348771433233909711e+01
1.341280238885891052e+01
9.450614717748495153e+00
1.267139352877905800e+01
1.548730005567279022e+01
1.160247156637698041e+01
1.542680622547608849e+01
1.261719656398187084e+01
1.302845934601348787e+01
1.104390414467690107e+01
1.039888079954327615e+01
1.526086802250108576e+01
1.306066274772833857e+01
1.108277006977139223e+01
1.113837431438543923e+01
1.380779331157881806e+01
1.472517646339676212e+01
1.248378585477422575e+01
1.171272831013049576e+01
1.167421737482899324e+01
1.213179732123736621e+01
1.309940247977438510e+01
1.118182109163894822e+01
9.368518575645502722e+00
1.310159471397694908e+01
1.126178414174232323e+01
1.244588609573032301e+01
1.135473562385082147e+01
1.158103543569092153e+01
1.109195430721743669e+01
1.414136590582566377e+01
1.471997051535815437e+01
1.311704966783473481e+01
1.192109641156843125e+01
9.764649039965821231e+00
1.160353856092224767e+01
1.588666747137135893e+01
1.026286430785920878e+01
1.258365308207324951e+01
1.082182542274522774e+01
1.144219804057730983e+01
1.356868581982168109e+01
1.091896840064277363e+01
1.166199579915401330e+01
1.265696760887144734e+01
1.313873192787998789e+01
1.238128367021709586e+01
1.174753797775573005e+01
1.045456267051733867e+01
1.236763138373805582e+01
9.402974807205932706e+00
1.256219987630777268e+01
1.116115979938141578e+01
9.827318756765823338e+00
1.039073322922846287e+01
1.016298765984285879e+01
1.159595604117075318e+01
