6.774064636230468750e+01
5.959140014648437500e+01
6.327982711791992188e+01
5.431990051269531250e+01
5.665314483642578125e+01
5.684785079956054688e+01
4.142481994628906250e+01
3.643661880493164062e+01
4.546250152587890625e+01
6.243949890136718750e+01
4.408396148681640625e+01
5.699302291870117188e+01
6.008792877197265625e+01
4.020814514160156250e+01
4.612580490112304688e+01
3.457988739013671875e+01
3.492395782470703125e+01
3.592690277099609375e+01
3.642963027954101562e+01
4.172334289550781250e+01
3.480642700195312500e+01
3.664817428588867188e+01
3.327388763427734375e+01
2.962305831909179688e+01
3.289463043212890625e+01
2.722173690795898438e+01
2.834452438354492188e+01
3.411709976196289062e+01
4.304340744018554688e+01
3.536109161376953125e+01
3.720735931396484375e+01
4.019997024536132812e+01
4.478306579589843750e+01
3.651441192626953125e+01
3.642906951904296875e+01
4.406359100341796875e+01
3.841101837158203125e+01
3.855088043212890625e+01
3.924195098876953125e+01
3.903522491455078125e+01
4.766249084472656250e+01
4.008604812622070312e+01
3.840695190429687500e+01
5.015931701660156250e+01
3.648127746582031250e+01
3.616730499267578125e+01
3.546475982666015625e+01
3.915246582031250000e+01
3.973403167724609375e+01
4.344614410400390625e+01
4.552256011962890625e+01
3.446870422363281250e+01
3.183838844299316406e+01
4.390208053588867188e+01
3.389577865600585938e+01
3.651567077636718750e+01
3.729462051391601562e+01
4.074518203735351562e+01
5.438970184326171875e+01
4.071806335449218750e+01
3.666727066040039062e+01
4.006235122680664062e+01
4.308916473388671875e+01
3.317300415039062500e+01
3.945305633544921875e+01
4.294356536865234375e+01
4.393132019042968750e+01
4.373003387451171875e+01
3.772749710083007812e+01
4.356736755371093750e+01
4.487597656250000000e+01
4.115259552001953125e+01
4.693189239501953125e+01
3.546359252929687500e+01
4.092346191406250000e+01
4.708773803710937500e+01
4.822635650634765625e+01
3.626323318481445312e+01
4.234294128417968750e+01
4.098774719238281250e+01
4.090100097656250000e+01
4.084423828125000000e+01
4.313050842285156250e+01
3.572903442382812500e+01
3.588809204101562500e+01
4.518704605102539062e+01
4.478852844238281250e+01
4.627739334106445312e+01
4.459006500244140625e+01
4.868015289306640625e+01
3.560412597656250000e+01
3.916886901855468750e+01
5.415249252319335938e+01
4.281735992431640625e+01
4.389517974853515625e+01
3.943840026855468750e+01
4.585301589965820312e+01
4.403917694091796875e+01
5.437752151489257812e+01
4.707204055786132812e+01
