8.982708740234375000e+01
5.137892913818359375e+01
5.314975738525390625e+01
5.384990310668945312e+01
5.339578247070312500e+01
3.675278472900390625e+01
3.374050903320312500e+01
3.294967269897460938e+01
2.159378242492675781e+01
1.883741760253906250e+01
2.819354438781738281e+01
2.452531814575195312e+01
1.781769180297851562e+01
1.840048408508300781e+01
1.777065658569335938e+01
2.512820243835449219e+01
2.019122886657714844e+01
1.876916503906250000e+01
1.719224357604980469e+01
2.043365859985351562e+01
2.489541625976562500e+01
2.146279907226562500e+01
1.848786926269531250e+01
1.612439727783203125e+01
1.287248516082763672e+01
1.454721927642822266e+01
1.291355133056640625e+01
1.428875637054443359e+01
1.156754398345947266e+01
1.170480537414550781e+01
1.152236366271972656e+01
1.219637298583984375e+01
9.803155899047851562e+00
1.197896003723144531e+01
1.285281276702880859e+01
1.058977127075195312e+01
8.099075317382812500e+00
1.232732200622558594e+01
9.962873458862304688e+00
8.680822372436523438e+00
1.044722366333007812e+01
1.085948944091796875e+01
1.098456001281738281e+01
1.141843032836914062e+01
9.498964309692382812e+00
8.825745582580566406e+00
9.354125022888183594e+00
1.006596279144287109e+01
1.007113647460937500e+01
1.301488494873046875e+01
1.212275600433349609e+01
9.165200233459472656e+00
1.120616340637207031e+01
8.545157432556152344e+00
9.349102020263671875e+00
7.701523780822753906e+00
7.705118179321289062e+00
1.316495704650878906e+01
1.004817867279052734e+01
8.025714874267578125e+00
9.703063964843750000e+00
7.480643272399902344e+00
7.786283969879150391e+00
8.601499557495117188e+00
8.221112251281738281e+00
9.509039878845214844e+00
8.830408096313476562e+00
8.787433624267578125e+00
8.823814392089843750e+00
8.627573013305664062e+00
1.233443260192871094e+01
9.712886810302734375e+00
9.087059020996093750e+00
6.634010314941406250e+00
1.038847255706787109e+01
8.603525161743164062e+00
1.036060428619384766e+01
7.133378028869628906e+00
1.095327758789062500e+01
9.853892326354980469e+00
8.307914733886718750e+00
1.067531204223632812e+01
7.936118125915527344e+00
9.395607948303222656e+00
7.215889930725097656e+00
9.892820358276367188e+00
7.810242652893066406e+00
7.425635814666748047e+00
8.535315513610839844e+00
7.086314201354980469e+00
6.255343437194824219e+00
6.005218505859375000e+00
5.344594955444335938e+00
4.784822463989257812e+00
8.272454261779785156e+00
5.903013706207275391e+00
6.270894050598144531e+00
5.424636363983154297e+00
8.460397720336914062e+00
6.796757698059082031e+00
7.189899921417236328e+00
9.271184921264648438e+00
6.768345832824707031e+00
7.652707576751708984e+00
7.847807884216308594e+00
7.009916782379150391e+00
7.355757236480712891e+00
6.108710289001464844e+00
6.179450035095214844e+00
6.612594127655029297e+00
5.985131740570068359e+00
6.697189331054687500e+00
6.993476867675781250e+00
5.841032981872558594e+00
5.721210479736328125e+00
8.042816162109375000e+00
6.292600631713867188e+00
6.316893577575683594e+00
7.679713249206542969e+00
6.319515228271484375e+00
7.050949096679687500e+00
6.300197601318359375e+00
7.230876445770263672e+00
5.823702812194824219e+00
6.602193355560302734e+00
5.497121810913085938e+00
6.336706161499023438e+00
7.126868724822998047e+00
6.459950447082519531e+00
6.245945930480957031e+00
8.204871177673339844e+00
6.901160240173339844e+00
4.602562904357910156e+00
6.492661476135253906e+00
6.152011871337890625e+00
4.916245460510253906e+00
6.063969612121582031e+00
5.827371597290039062e+00
5.457790374755859375e+00
7.565642356872558594e+00
6.088702201843261719e+00
5.190828323364257812e+00
5.974890708923339844e+00
6.404220581054687500e+00
5.766197681427001953e+00
7.119812011718750000e+00
4.854080200195312500e+00
5.816107749938964844e+00
5.099749565124511719e+00
6.271595954895019531e+00
6.934175491333007812e+00
6.099004745483398438e+00
6.179597854614257812e+00
5.894165039062500000e+00
6.579670906066894531e+00
6.301908493041992188e+00
5.705971717834472656e+00
5.780602455139160156e+00
5.395298957824707031e+00
6.066326141357421875e+00
5.992380619049072266e+00
5.017274856567382812e+00
5.470109939575195312e+00
5.484674453735351562e+00
5.251007080078125000e+00
6.236413955688476562e+00
6.082078456878662109e+00
4.246520996093750000e+00
5.752141952514648438e+00
4.114864349365234375e+00
3.888493061065673828e+00
6.260304927825927734e+00
5.853079795837402344e+00
5.436367988586425781e+00
6.255444526672363281e+00
5.225035667419433594e+00
4.882136344909667969e+00
6.350247383117675781e+00
4.592161655426025391e+00
4.332927703857421875e+00
5.446418762207031250e+00
5.343198776245117188e+00
5.779711723327636719e+00
5.195278167724609375e+00
6.761456489562988281e+00
6.523551940917968750e+00
4.905335426330566406e+00
6.384377479553222656e+00
6.325390815734863281e+00
3.837041378021240234e+00
4.982376098632812500e+00
4.743002891540527344e+00
4.942806243896484375e+00
5.400296211242675781e+00
4.501905441284179688e+00
5.809420585632324219e+00
5.296588897705078125e+00
5.140194416046142578e+00
4.472455024719238281e+00
6.162078857421875000e+00
4.411184787750244141e+00
5.699897289276123047e+00
4.978361129760742188e+00
5.504364967346191406e+00
4.370565414428710938e+00
4.963454723358154297e+00
4.431875705718994141e+00
4.774269104003906250e+00
4.734517097473144531e+00
4.344730377197265625e+00
5.921410560607910156e+00
5.864393711090087891e+00
6.102098464965820312e+00
5.091491222381591797e+00
5.847397804260253906e+00
5.919859886169433594e+00
4.933837890625000000e+00
4.950760841369628906e+00
3.583130359649658203e+00
5.012491226196289062e+00
5.303918838500976562e+00
4.807468414306640625e+00
6.855961799621582031e+00
5.368106365203857422e+00
5.387506484985351562e+00
4.402609825134277344e+00
5.384313583374023438e+00
5.988674163818359375e+00
5.317409515380859375e+00
4.842888355255126953e+00
4.839166164398193359e+00
4.773777961730957031e+00
5.323226451873779297e+00
5.961211204528808594e+00
4.255220890045166016e+00
5.331977844238281250e+00
4.030874252319335938e+00
3.957775592803955078e+00
6.065709590911865234e+00
5.056756019592285156e+00
4.376499176025390625e+00
5.046651363372802734e+00
5.004107952117919922e+00
5.075248241424560547e+00
5.857574462890625000e+00
4.798926353454589844e+00
5.387529373168945312e+00
4.313303470611572266e+00
5.425081253051757812e+00
4.802520751953125000e+00
4.591291427612304688e+00
5.936825752258300781e+00
5.647725105285644531e+00
5.396684646606445312e+00
5.810293197631835938e+00
5.018204212188720703e+00
5.444522857666015625e+00
4.542877197265625000e+00
4.526421070098876953e+00
4.824657440185546875e+00
4.145114898681640625e+00
5.886600971221923828e+00
4.991337299346923828e+00
4.269765377044677734e+00
6.060172557830810547e+00
5.465820312500000000e+00
6.044196128845214844e+00
5.483905315399169922e+00
8.886571884155273438e+00
5.941732883453369141e+00
3.815168380737304688e+00
6.061937808990478516e+00
4.716017246246337891e+00
3.822788715362548828e+00
4.450340747833251953e+00
4.406174182891845703e+00
4.230935096740722656e+00
4.384960174560546875e+00
5.194895267486572266e+00
4.779675006866455078e+00
5.570977687835693359e+00
5.835048198699951172e+00
4.642084121704101562e+00
5.822199821472167969e+00
4.366681575775146484e+00
4.011676311492919922e+00
6.310384750366210938e+00
4.388916969299316406e+00
3.987355709075927734e+00
4.791214942932128906e+00
5.045852661132812500e+00
4.895318031311035156e+00
4.367340087890625000e+00
4.733825683593750000e+00
5.148860931396484375e+00
4.517424583435058594e+00
4.623475551605224609e+00
4.086448669433593750e+00
5.142501354217529297e+00
6.205636024475097656e+00
6.493765830993652344e+00
4.792609214782714844e+00
6.356224536895751953e+00
5.073415756225585938e+00
5.162902832031250000e+00
5.151300907135009766e+00
4.486299514770507812e+00
5.371095657348632812e+00
5.413192749023437500e+00
5.314343929290771484e+00
5.766263484954833984e+00
4.355042457580566406e+00
7.273938179016113281e+00
6.663189888000488281e+00
5.318328857421875000e+00
6.044212818145751953e+00
4.431236267089843750e+00
5.477236747741699219e+00
4.381114006042480469e+00
4.581753730773925781e+00
5.015880584716796875e+00
5.849288940429687500e+00
4.017024993896484375e+00
5.102592945098876953e+00
4.620324134826660156e+00
4.949578762054443359e+00
4.837323188781738281e+00
4.816767692565917969e+00
5.953189849853515625e+00
3.451802253723144531e+00
4.671623229980468750e+00
4.861652851104736328e+00
5.155944824218750000e+00
4.364579677581787109e+00
5.671061515808105469e+00
4.871316909790039062e+00
4.706143379211425781e+00
4.924111366271972656e+00
5.471563816070556641e+00
4.642857551574707031e+00
4.521683692932128906e+00
3.863129138946533203e+00
4.628246307373046875e+00
4.382388591766357422e+00
4.904369354248046875e+00
4.895035743713378906e+00
5.105188846588134766e+00
6.329633712768554688e+00
5.216374397277832031e+00
4.439860343933105469e+00
4.680897712707519531e+00
3.614810943603515625e+00
4.965219974517822266e+00
5.513275146484375000e+00
4.489010810852050781e+00
6.415022373199462891e+00
4.063949584960937500e+00
4.520021915435791016e+00
4.848037719726562500e+00
5.306357860565185547e+00
4.049083709716796875e+00
3.935104370117187500e+00
4.124270439147949219e+00
6.640828132629394531e+00
4.090320587158203125e+00
4.542101860046386719e+00
5.654606819152832031e+00
4.520251274108886719e+00
3.830621480941772461e+00
3.784259796142578125e+00
5.275135040283203125e+00
5.118782043457031250e+00
5.185278415679931641e+00
5.525135517120361328e+00
5.137386322021484375e+00
5.310085773468017578e+00
3.955885410308837891e+00
5.266542434692382812e+00
5.152445793151855469e+00
3.689620971679687500e+00
4.199748992919921875e+00
4.136394500732421875e+00
5.806680679321289062e+00
4.198300838470458984e+00
5.187924861907958984e+00
4.461773872375488281e+00
4.799628257751464844e+00
4.919163227081298828e+00
4.513666152954101562e+00
5.285301685333251953e+00
5.273010730743408203e+00
5.989538669586181641e+00
5.237622261047363281e+00
5.209461212158203125e+00
5.637355327606201172e+00
4.009135723114013672e+00
4.444801807403564453e+00
4.236765384674072266e+00
5.561100482940673828e+00
4.563033103942871094e+00
3.785302639007568359e+00
4.769535064697265625e+00
5.222167015075683594e+00
4.741493701934814453e+00
4.341459274291992188e+00
5.604413509368896484e+00
3.799645423889160156e+00
5.883704185485839844e+00
5.418365478515625000e+00
5.152999877929687500e+00
5.648283004760742188e+00
5.263905525207519531e+00
4.989141464233398438e+00
4.362867355346679688e+00
4.878803253173828125e+00
4.566930770874023438e+00
5.136065959930419922e+00
5.258563041687011719e+00
4.885231018066406250e+00
4.529517173767089844e+00
4.490470886230468750e+00
5.630762100219726562e+00
5.087955474853515625e+00
4.285995006561279297e+00
5.294632911682128906e+00
5.453288555145263672e+00
4.043083667755126953e+00
5.141194343566894531e+00
4.837487220764160156e+00
4.988530158996582031e+00
4.613242149353027344e+00
5.285451412200927734e+00
5.256772041320800781e+00
3.096026659011840820e+00
4.972936630249023438e+00
4.692936420440673828e+00
4.256304740905761719e+00
5.690930843353271484e+00
5.612756252288818359e+00
5.518143177032470703e+00
4.587619781494140625e+00
5.108264446258544922e+00
3.947105884552001953e+00
6.400602340698242188e+00
3.666467666625976562e+00
4.476737499237060547e+00
3.901816606521606445e+00
4.713609695434570312e+00
4.469393253326416016e+00
5.702658176422119141e+00
5.077265739440917969e+00
5.516331195831298828e+00
4.677715301513671875e+00
5.397734642028808594e+00
5.617700099945068359e+00
5.925708770751953125e+00
5.409473896026611328e+00
7.083511352539062500e+00
3.658809661865234375e+00
3.680637359619140625e+00
4.751850128173828125e+00
4.321380138397216797e+00
5.298038959503173828e+00
4.439447402954101562e+00
3.899303913116455078e+00
3.526036739349365234e+00
4.539314270019531250e+00
4.535635948181152344e+00
4.559503078460693359e+00
4.899061203002929688e+00
4.423071861267089844e+00
4.634435653686523438e+00
4.833618640899658203e+00
5.085189342498779297e+00
4.514615058898925781e+00
5.644612312316894531e+00
4.457580089569091797e+00
4.301918506622314453e+00
4.014618873596191406e+00
4.270425319671630859e+00
4.190060615539550781e+00
5.133052825927734375e+00
5.169651508331298828e+00
5.137048721313476562e+00
6.218512535095214844e+00
3.528297185897827148e+00
4.672877311706542969e+00
5.079234123229980469e+00
5.196436882019042969e+00
4.437195777893066406e+00
4.859595298767089844e+00
3.645888090133666992e+00
3.622701168060302734e+00
4.755200386047363281e+00
4.835755825042724609e+00
4.135814666748046875e+00
3.930389404296875000e+00
5.031223297119140625e+00
6.112823009490966797e+00
5.949047565460205078e+00
3.754400014877319336e+00
4.879963874816894531e+00
3.893856525421142578e+00
3.965135335922241211e+00
3.807832002639770508e+00
3.949659824371337891e+00
4.868745803833007812e+00
4.397937297821044922e+00
4.526831626892089844e+00
5.121576309204101562e+00
4.802608489990234375e+00
4.795095920562744141e+00
4.476004600524902344e+00
4.337763309478759766e+00
4.499947547912597656e+00
5.038208007812500000e+00
4.197438240051269531e+00
4.345503330230712891e+00
5.342958450317382812e+00
5.027030467987060547e+00
4.751990318298339844e+00
4.003952026367187500e+00
4.039270401000976562e+00
3.382716178894042969e+00
4.164177894592285156e+00
4.129268169403076172e+00
3.064766168594360352e+00
4.498019218444824219e+00
5.029003143310546875e+00
4.282884120941162109e+00
4.888634204864501953e+00
5.438933372497558594e+00
4.246397972106933594e+00
5.240037441253662109e+00
5.383323192596435547e+00
4.836358070373535156e+00
5.071378707885742188e+00
6.245736122131347656e+00
5.723001480102539062e+00
3.893224239349365234e+00
4.727944374084472656e+00
4.569365024566650391e+00
3.994016408920288086e+00
3.519423961639404297e+00
3.705418825149536133e+00
4.872244358062744141e+00
4.228683948516845703e+00
5.407775878906250000e+00
4.063054084777832031e+00
4.422473430633544922e+00
6.218723773956298828e+00
5.310161590576171875e+00
5.731959342956542969e+00
4.862547874450683594e+00
5.617000102996826172e+00
5.083789825439453125e+00
4.833552360534667969e+00
4.618804454803466797e+00
4.813961982727050781e+00
3.836710214614868164e+00
3.374418735504150391e+00
3.909106254577636719e+00
3.004724502563476562e+00
4.307547569274902344e+00
4.782277107238769531e+00
5.677457809448242188e+00
5.192180633544921875e+00
4.806990623474121094e+00
4.859452247619628906e+00
4.542336463928222656e+00
5.627237319946289062e+00
3.900490522384643555e+00
4.463221073150634766e+00
3.905301809310913086e+00
3.682249546051025391e+00
3.752597332000732422e+00
4.442914009094238281e+00
4.216688156127929688e+00
4.279323577880859375e+00
4.377122402191162109e+00
3.602647304534912109e+00
4.368332386016845703e+00
3.660413265228271484e+00
4.834023475646972656e+00
5.004025459289550781e+00
4.252137660980224609e+00
5.957692623138427734e+00
5.258762836456298828e+00
4.088859558105468750e+00
4.318197250366210938e+00
3.998822212219238281e+00
3.880069255828857422e+00
4.307506561279296875e+00
3.954600572586059570e+00
3.608909845352172852e+00
3.535779714584350586e+00
3.608325481414794922e+00
3.653222799301147461e+00
5.042584896087646484e+00
5.259158134460449219e+00
