6.670496368408203125e+01
6.411579132080078125e+01
6.271085357666015625e+01
3.774116516113281250e+01
4.296080398559570312e+01
3.630577087402343750e+01
2.978789138793945312e+01
2.363134956359863281e+01
2.408398056030273438e+01
2.630576133728027344e+01
3.978151702880859375e+01
2.575748062133789062e+01
3.823590087890625000e+01
4.185485076904296875e+01
2.060091400146484375e+01
1.531158256530761719e+01
2.245538330078125000e+01
1.835114288330078125e+01
1.983217048645019531e+01
2.286945152282714844e+01
2.291976165771484375e+01
2.034488868713378906e+01
2.204038047790527344e+01
2.142438507080078125e+01
2.109243392944335938e+01
2.356204414367675781e+01
1.612401962280273438e+01
1.732667541503906250e+01
2.089445304870605469e+01
1.806530761718750000e+01
1.580251121520996094e+01
1.711750030517578125e+01
1.857435607910156250e+01
1.326848411560058594e+01
1.415680027008056641e+01
1.573325824737548828e+01
1.265074157714843750e+01
1.379697608947753906e+01
1.360631847381591797e+01
1.166122913360595703e+01
1.565074253082275391e+01
1.164599800109863281e+01
1.437422943115234375e+01
1.360017490386962891e+01
1.227875137329101562e+01
1.075688934326171875e+01
1.743445587158203125e+01
1.276001358032226562e+01
1.268039512634277344e+01
1.493494415283203125e+01
1.384014034271240234e+01
1.208186912536621094e+01
1.350669670104980469e+01
9.594268798828125000e+00
1.137092399597167969e+01
1.145364952087402344e+01
8.994285583496093750e+00
1.149166679382324219e+01
1.110449600219726562e+01
9.840032577514648438e+00
1.087643527984619141e+01
1.041272735595703125e+01
1.180604457855224609e+01
1.055576419830322266e+01
1.377522182464599609e+01
1.045935440063476562e+01
9.445279121398925781e+00
1.058108329772949219e+01
1.213926601409912109e+01
1.311246490478515625e+01
8.644864082336425781e+00
1.092480278015136719e+01
1.099164962768554688e+01
1.176720237731933594e+01
1.047140502929687500e+01
1.216181564331054688e+01
1.289439201354980469e+01
8.637035369873046875e+00
1.529205131530761719e+01
1.090730953216552734e+01
1.071141052246093750e+01
1.180244731903076172e+01
1.189100456237792969e+01
1.068374252319335938e+01
1.038119029998779297e+01
1.062259578704833984e+01
1.217164802551269531e+01
1.169511699676513672e+01
9.717187881469726562e+00
9.686692237854003906e+00
8.569509506225585938e+00
1.055144691467285156e+01
8.709232330322265625e+00
1.175235557556152344e+01
9.040418624877929688e+00
1.083588027954101562e+01
9.376524925231933594e+00
1.285838222503662109e+01
1.108882808685302734e+01
9.073087692260742188e+00
1.045103073120117188e+01
8.669460296630859375e+00
7.251669406890869141e+00
7.553509235382080078e+00
6.945662498474121094e+00
9.541585922241210938e+00
1.045573616027832031e+01
9.537285804748535156e+00
9.463352203369140625e+00
8.919651985168457031e+00
7.274775981903076172e+00
8.359037399291992188e+00
8.942017555236816406e+00
9.636851310729980469e+00
1.018857288360595703e+01
8.613638877868652344e+00
9.461713790893554688e+00
9.570007324218750000e+00
9.966438293457031250e+00
8.839914321899414062e+00
7.296446800231933594e+00
9.927690505981445312e+00
8.986389160156250000e+00
7.770917415618896484e+00
8.178280830383300781e+00
7.399478912353515625e+00
9.894742965698242188e+00
1.043571662902832031e+01
8.545789718627929688e+00
1.053404426574707031e+01
7.816773414611816406e+00
8.327664375305175781e+00
9.122320175170898438e+00
9.525545120239257812e+00
1.159307098388671875e+01
8.558532714843750000e+00
1.038308143615722656e+01
7.927037239074707031e+00
8.425433158874511719e+00
1.003205013275146484e+01
7.347183704376220703e+00
7.509129524230957031e+00
7.681862831115722656e+00
7.102396011352539062e+00
8.183030128479003906e+00
1.010112190246582031e+01
1.193064689636230469e+01
7.985847473144531250e+00
8.818725585937500000e+00
9.035042762756347656e+00
1.071760368347167969e+01
8.573345184326171875e+00
9.684646606445312500e+00
9.554779052734375000e+00
7.829228401184082031e+00
8.507663726806640625e+00
9.123367309570312500e+00
7.841245651245117188e+00
9.927802085876464844e+00
7.570674896240234375e+00
9.096227645874023438e+00
6.839579105377197266e+00
9.373347282409667969e+00
8.625717163085937500e+00
1.004762077331542969e+01
9.863686561584472656e+00
7.863744258880615234e+00
7.718438148498535156e+00
1.026434707641601562e+01
6.898156166076660156e+00
6.132010459899902344e+00
6.372913837432861328e+00
6.989135742187500000e+00
8.664987564086914062e+00
6.940629005432128906e+00
6.533596038818359375e+00
1.288372707366943359e+01
9.150941848754882812e+00
7.911050796508789062e+00
7.173548698425292969e+00
7.569815635681152344e+00
8.104395866394042969e+00
6.066817760467529297e+00
7.442612648010253906e+00
9.254330635070800781e+00
8.948431015014648438e+00
8.522650718688964844e+00
8.683376312255859375e+00
9.976808547973632812e+00
7.616936683654785156e+00
6.726777076721191406e+00
6.413526535034179688e+00
8.220276832580566406e+00
7.995825767517089844e+00
7.220703125000000000e+00
8.517105102539062500e+00
7.566042900085449219e+00
7.281259536743164062e+00
8.260703086853027344e+00
5.661689281463623047e+00
8.156341552734375000e+00
6.362137317657470703e+00
7.918969154357910156e+00
7.185835838317871094e+00
5.695064544677734375e+00
7.853526115417480469e+00
7.086053371429443359e+00
7.901353836059570312e+00
8.636020660400390625e+00
6.997221469879150391e+00
8.537275314331054688e+00
6.673520088195800781e+00
8.498287200927734375e+00
7.309278964996337891e+00
7.575753688812255859e+00
8.608345031738281250e+00
7.882620334625244141e+00
8.982576370239257812e+00
6.758463859558105469e+00
7.151859283447265625e+00
7.528757095336914062e+00
6.083579063415527344e+00
5.885948181152343750e+00
6.368018150329589844e+00
8.280111312866210938e+00
6.063254833221435547e+00
7.262784957885742188e+00
7.439222335815429688e+00
6.830307960510253906e+00
8.410601615905761719e+00
9.653124809265136719e+00
7.754577636718750000e+00
8.264526367187500000e+00
7.501901626586914062e+00
9.003580093383789062e+00
8.047218322753906250e+00
7.471293449401855469e+00
1.013627052307128906e+01
7.653738975524902344e+00
8.744550704956054688e+00
8.072831153869628906e+00
7.462063312530517578e+00
6.861729621887207031e+00
9.165296554565429688e+00
6.315906524658203125e+00
7.848290443420410156e+00
8.288171768188476562e+00
7.454418659210205078e+00
8.484316825866699219e+00
7.155040740966796875e+00
7.520792484283447266e+00
7.419494628906250000e+00
1.027731323242187500e+01
6.824328422546386719e+00
8.183969497680664062e+00
6.235817432403564453e+00
7.460480690002441406e+00
7.847682476043701172e+00
7.846777915954589844e+00
7.052584648132324219e+00
8.103876113891601562e+00
7.594063282012939453e+00
8.256605148315429688e+00
6.699857711791992188e+00
9.933788299560546875e+00
5.926792621612548828e+00
6.644109725952148438e+00
8.945905685424804688e+00
7.468341827392578125e+00
7.232111930847167969e+00
6.071743965148925781e+00
8.055583953857421875e+00
5.555984497070312500e+00
7.315299034118652344e+00
7.857262611389160156e+00
8.348791122436523438e+00
5.645618438720703125e+00
6.729171276092529297e+00
6.792955875396728516e+00
7.185289382934570312e+00
7.953650474548339844e+00
7.238327026367187500e+00
6.995672225952148438e+00
7.984228610992431641e+00
7.375640869140625000e+00
6.007761478424072266e+00
5.810181617736816406e+00
6.529409408569335938e+00
7.963833808898925781e+00
5.703667640686035156e+00
8.511022567749023438e+00
8.246766090393066406e+00
7.369365215301513672e+00
7.326025962829589844e+00
6.711770534515380859e+00
5.665398597717285156e+00
6.075984954833984375e+00
7.165230751037597656e+00
6.870205879211425781e+00
6.434233188629150391e+00
4.943613529205322266e+00
7.178475379943847656e+00
6.531413078308105469e+00
6.616517543792724609e+00
6.771751403808593750e+00
8.563270568847656250e+00
7.158734798431396484e+00
7.321071624755859375e+00
7.819128036499023438e+00
8.568497657775878906e+00
6.583284378051757812e+00
7.784805297851562500e+00
6.183923721313476562e+00
6.444064617156982422e+00
5.721944808959960938e+00
8.365277290344238281e+00
7.986766815185546875e+00
7.219042301177978516e+00
7.024294853210449219e+00
7.020412445068359375e+00
5.308570384979248047e+00
7.740048885345458984e+00
6.256948471069335938e+00
7.343181610107421875e+00
7.747668266296386719e+00
7.759535789489746094e+00
7.546037673950195312e+00
6.767150878906250000e+00
5.471313476562500000e+00
6.098828315734863281e+00
6.678637504577636719e+00
5.490502357482910156e+00
7.314837455749511719e+00
7.163212776184082031e+00
7.788236618041992188e+00
7.308380603790283203e+00
6.881292343139648438e+00
9.313579559326171875e+00
8.580422401428222656e+00
6.632807731628417969e+00
8.404523849487304688e+00
6.140969276428222656e+00
7.230149269104003906e+00
7.346073150634765625e+00
5.708241462707519531e+00
7.607374191284179688e+00
7.469937801361083984e+00
7.237262725830078125e+00
6.556290626525878906e+00
8.175866127014160156e+00
5.948632717132568359e+00
6.320761680603027344e+00
6.440889358520507812e+00
6.429657936096191406e+00
6.254881381988525391e+00
6.026432991027832031e+00
6.715623855590820312e+00
7.111786842346191406e+00
6.218724250793457031e+00
6.054590225219726562e+00
7.699902534484863281e+00
5.246464729309082031e+00
5.968750000000000000e+00
7.009357929229736328e+00
5.523318290710449219e+00
7.644931793212890625e+00
7.136050701141357422e+00
5.876674175262451172e+00
6.203714847564697266e+00
5.757141590118408203e+00
6.604896068572998047e+00
6.584893226623535156e+00
7.914171695709228516e+00
5.708169937133789062e+00
7.350823402404785156e+00
6.357269287109375000e+00
6.457388877868652344e+00
6.593925476074218750e+00
8.270113945007324219e+00
6.880892753601074219e+00
7.402849197387695312e+00
5.246684551239013672e+00
7.160224914550781250e+00
7.819641113281250000e+00
7.556932926177978516e+00
5.425091266632080078e+00
6.452835083007812500e+00
6.083870887756347656e+00
8.290703773498535156e+00
8.295655250549316406e+00
6.923399925231933594e+00
4.128428459167480469e+00
5.943457603454589844e+00
6.209894180297851562e+00
7.373679637908935547e+00
4.778067588806152344e+00
6.827984809875488281e+00
7.308723926544189453e+00
7.880716323852539062e+00
6.569592475891113281e+00
6.983833789825439453e+00
9.051811218261718750e+00
6.142410278320312500e+00
7.250759124755859375e+00
6.313758373260498047e+00
5.749351501464843750e+00
6.338727951049804688e+00
6.700327873229980469e+00
6.964171409606933594e+00
6.799018859863281250e+00
7.240364074707031250e+00
6.812455177307128906e+00
6.914771080017089844e+00
7.043726921081542969e+00
7.696183204650878906e+00
5.853927135467529297e+00
6.872409343719482422e+00
6.682579040527343750e+00
7.900412559509277344e+00
6.128145694732666016e+00
6.475151538848876953e+00
6.901887416839599609e+00
7.715283393859863281e+00
7.339431762695312500e+00
6.586525917053222656e+00
5.760870933532714844e+00
7.530999183654785156e+00
6.670917987823486328e+00
7.319397926330566406e+00
7.342174530029296875e+00
5.726279258728027344e+00
7.058536529541015625e+00
6.372818946838378906e+00
5.218997955322265625e+00
6.761732101440429688e+00
6.306483268737792969e+00
6.605277538299560547e+00
7.056727409362792969e+00
5.752362728118896484e+00
6.697829246520996094e+00
6.699282169342041016e+00
6.134641647338867188e+00
5.835597991943359375e+00
5.606904983520507812e+00
6.819093227386474609e+00
6.156846523284912109e+00
5.656126022338867188e+00
6.498399257659912109e+00
5.881320953369140625e+00
6.276175498962402344e+00
6.597883224487304688e+00
8.762496948242187500e+00
7.751065254211425781e+00
5.836767196655273438e+00
7.132582187652587891e+00
6.864967346191406250e+00
5.451487064361572266e+00
6.080678939819335938e+00
6.058271884918212891e+00
6.480566978454589844e+00
5.521234989166259766e+00
6.605696678161621094e+00
6.214620590209960938e+00
7.739248275756835938e+00
7.639047145843505859e+00
7.077642917633056641e+00
7.701992988586425781e+00
6.445817947387695312e+00
6.833279132843017578e+00
6.739770889282226562e+00
7.034642219543457031e+00
6.815853118896484375e+00
8.095153808593750000e+00
6.604551315307617188e+00
8.065528869628906250e+00
6.458727836608886719e+00
5.831048011779785156e+00
6.176981925964355469e+00
8.823390960693359375e+00
6.064989089965820312e+00
5.963227272033691406e+00
8.009500503540039062e+00
6.820384979248046875e+00
6.993118286132812500e+00
6.671118736267089844e+00
4.469176769256591797e+00
8.043579101562500000e+00
6.695044040679931641e+00
8.637752532958984375e+00
5.863224506378173828e+00
6.651967048645019531e+00
7.098662376403808594e+00
6.080946922302246094e+00
5.399586200714111328e+00
4.687622070312500000e+00
6.270474433898925781e+00
6.604602813720703125e+00
6.187144279479980469e+00
6.611252784729003906e+00
5.396187782287597656e+00
6.853958129882812500e+00
6.687139511108398438e+00
7.180798530578613281e+00
6.939867973327636719e+00
7.975458621978759766e+00
5.922017574310302734e+00
4.502630233764648438e+00
6.132206916809082031e+00
5.250982761383056641e+00
8.023044586181640625e+00
7.680885314941406250e+00
4.885268688201904297e+00
7.396054267883300781e+00
5.863991737365722656e+00
6.108421325683593750e+00
8.627619743347167969e+00
9.998566627502441406e+00
8.400541305541992188e+00
9.114028930664062500e+00
6.709925651550292969e+00
5.761506080627441406e+00
5.092388629913330078e+00
6.382242202758789062e+00
5.687220096588134766e+00
4.155586719512939453e+00
6.497634887695312500e+00
6.296263694763183594e+00
7.638714313507080078e+00
7.651232242584228516e+00
6.114607810974121094e+00
7.470358848571777344e+00
5.770871162414550781e+00
5.456116199493408203e+00
9.076025009155273438e+00
5.814220905303955078e+00
5.472675800323486328e+00
6.248392581939697266e+00
6.051700592041015625e+00
7.851674079895019531e+00
7.212577342987060547e+00
6.456330299377441406e+00
5.570995330810546875e+00
5.705041885375976562e+00
7.248430252075195312e+00
6.460960388183593750e+00
6.831473350524902344e+00
7.483027458190917969e+00
5.772391319274902344e+00
8.700300216674804688e+00
6.239799022674560547e+00
5.674215316772460938e+00
5.936482429504394531e+00
6.012219905853271484e+00
6.609951019287109375e+00
6.611000061035156250e+00
6.366838455200195312e+00
5.852339744567871094e+00
6.672300338745117188e+00
7.174420356750488281e+00
5.590056419372558594e+00
6.286874294281005859e+00
6.727368354797363281e+00
6.639900207519531250e+00
6.826519966125488281e+00
7.656537055969238281e+00
6.403708457946777344e+00
7.355764389038085938e+00
5.859350204467773438e+00
6.616527557373046875e+00
5.212844371795654297e+00
6.554590702056884766e+00
5.292592048645019531e+00
7.129728317260742188e+00
6.222033500671386719e+00
5.188873291015625000e+00
7.416109561920166016e+00
6.688410758972167969e+00
6.601348876953125000e+00
7.134432315826416016e+00
5.651059150695800781e+00
5.745336532592773438e+00
7.123539447784423828e+00
8.350254058837890625e+00
6.125859260559082031e+00
7.095299720764160156e+00
5.522670745849609375e+00
7.120630741119384766e+00
6.620194435119628906e+00
5.988931655883789062e+00
5.208704948425292969e+00
6.309427738189697266e+00
7.083936214447021484e+00
5.543268680572509766e+00
6.820381641387939453e+00
7.849942207336425781e+00
6.232650279998779297e+00
6.057041168212890625e+00
6.229210376739501953e+00
6.269392490386962891e+00
5.398313045501708984e+00
6.599093914031982422e+00
5.640842437744140625e+00
5.498329162597656250e+00
5.805190086364746094e+00
6.766064167022705078e+00
6.141783714294433594e+00
7.995923995971679688e+00
6.312797546386718750e+00
5.873446464538574219e+00
7.521222114562988281e+00
7.909456729888916016e+00
6.583716392517089844e+00
7.274553298950195312e+00
6.528781890869140625e+00
6.622163772583007812e+00
7.477859497070312500e+00
6.204959392547607422e+00
8.178115844726562500e+00
8.044784545898437500e+00
6.966980457305908203e+00
7.023347854614257812e+00
6.018872261047363281e+00
6.792924880981445312e+00
7.181696891784667969e+00
6.359976291656494141e+00
6.545822143554687500e+00
4.479875564575195312e+00
6.477849960327148438e+00
4.875688552856445312e+00
7.319774150848388672e+00
5.838071823120117188e+00
7.478472709655761719e+00
8.433718681335449219e+00
6.378819465637207031e+00
6.686738014221191406e+00
6.510747909545898438e+00
7.137144565582275391e+00
6.676212310791015625e+00
5.541764736175537109e+00
6.592105865478515625e+00
6.931213378906250000e+00
6.988971710205078125e+00
5.671258449554443359e+00
9.913297653198242188e+00
6.043142318725585938e+00
7.119697570800781250e+00
7.310284137725830078e+00
6.278492927551269531e+00
7.052755832672119141e+00
5.140526771545410156e+00
5.237498283386230469e+00
6.243635177612304688e+00
7.901916503906250000e+00
7.906350135803222656e+00
1.005774536132812500e+02
1.347282409667968750e+02
7.007673740386962891e+00
3.339002227783203125e+01
1.149158096313476562e+01
2.082106971740722656e+01
1.856133842468261719e+01
3.135763549804687500e+01
9.863588333129882812e+00
1.361064147949218750e+01
3.802846145629882812e+01
1.984687423706054688e+01
1.888648605346679688e+01
5.262454605102539062e+01
5.675463485717773438e+01
1.220869159698486328e+01
3.295557403564453125e+01
1.310662174224853516e+01
2.852794647216796875e+01
1.286635780334472656e+01
1.127353000640869141e+01
1.169225883483886719e+01
1.756367492675781250e+01
1.573030281066894531e+01
3.187293243408203125e+01
1.379211902618408203e+01
1.245424747467041016e+01
1.268278217315673828e+01
1.078237628936767578e+01
1.428584480285644531e+01
1.325006675720214844e+01
1.000018405914306641e+01
1.076232719421386719e+01
1.396130943298339844e+01
9.155073165893554688e+00
7.988940238952636719e+00
7.983249664306640625e+00
1.043190383911132812e+01
9.130655288696289062e+00
9.722084045410156250e+00
8.210138320922851562e+00
7.960126876831054688e+00
6.843075752258300781e+00
7.529483318328857422e+00
7.303906917572021484e+00
1.045582580566406250e+01
9.445241928100585938e+00
9.066524505615234375e+00
8.987293243408203125e+00
9.079168319702148438e+00
9.072331428527832031e+00
8.257919311523437500e+00
7.928956031799316406e+00
1.097144031524658203e+01
6.381404876708984375e+00
8.153737068176269531e+00
6.755000591278076172e+00
7.974010467529296875e+00
8.082760810852050781e+00
8.704330444335937500e+00
1.064465713500976562e+01
7.325231552124023438e+00
9.121597290039062500e+00
6.894713401794433594e+00
7.996187210083007812e+00
8.444512367248535156e+00
7.994526863098144531e+00
7.550604343414306641e+00
6.033952236175537109e+00
8.053068161010742188e+00
7.632527351379394531e+00
9.541089057922363281e+00
6.326556682586669922e+00
9.613590240478515625e+00
5.621697902679443359e+00
9.125507354736328125e+00
6.733823299407958984e+00
6.313557624816894531e+00
6.288617610931396484e+00
8.647302627563476562e+00
7.257369041442871094e+00
6.073703765869140625e+00
7.805691719055175781e+00
5.397297859191894531e+00
8.518766403198242188e+00
8.765804290771484375e+00
6.662433624267578125e+00
8.375320434570312500e+00
5.989969253540039062e+00
6.584074020385742188e+00
9.047144889831542969e+00
6.533189773559570312e+00
8.688612937927246094e+00
6.998838424682617188e+00
7.097606182098388672e+00
7.653230667114257812e+00
6.539178848266601562e+00
7.336047649383544922e+00
6.995340347290039062e+00
7.002916336059570312e+00
6.789721488952636719e+00
7.322108268737792969e+00
7.498603343963623047e+00
6.833063125610351562e+00
6.108896255493164062e+00
5.598549842834472656e+00
6.751243591308593750e+00
6.268991947174072266e+00
7.079500198364257812e+00
6.474269390106201172e+00
8.115163803100585938e+00
9.782801628112792969e+00
7.042145729064941406e+00
8.012545585632324219e+00
6.963446140289306641e+00
6.656565666198730469e+00
6.540811538696289062e+00
5.938126564025878906e+00
5.968921661376953125e+00
6.181659698486328125e+00
6.396052837371826172e+00
5.975547313690185547e+00
6.195694446563720703e+00
6.108889579772949219e+00
6.252859592437744141e+00
5.942389488220214844e+00
8.591423034667968750e+00
6.732023239135742188e+00
6.172126770019531250e+00
6.068111419677734375e+00
7.023680686950683594e+00
6.953817844390869141e+00
6.584808349609375000e+00
8.123865127563476562e+00
8.388394355773925781e+00
8.135702133178710938e+00
5.208796501159667969e+00
5.838233947753906250e+00
5.548684120178222656e+00
6.674609184265136719e+00
5.320055484771728516e+00
6.957993030548095703e+00
4.583382606506347656e+00
7.151341438293457031e+00
6.723304271697998047e+00
6.685202598571777344e+00
6.518157958984375000e+00
5.215248107910156250e+00
7.504865169525146484e+00
5.530279159545898438e+00
6.679436206817626953e+00
7.141733169555664062e+00
7.279644966125488281e+00
7.345390319824218750e+00
6.470342636108398438e+00
6.329900264739990234e+00
7.133613586425781250e+00
5.790735721588134766e+00
6.931982517242431641e+00
8.477083206176757812e+00
5.902428150177001953e+00
5.895211219787597656e+00
6.098074913024902344e+00
6.694129943847656250e+00
5.859904766082763672e+00
8.482706069946289062e+00
7.070575714111328125e+00
7.143061161041259766e+00
6.107553482055664062e+00
5.626129627227783203e+00
8.364208221435546875e+00
5.546515464782714844e+00
6.774334430694580078e+00
6.900243759155273438e+00
6.421769142150878906e+00
6.505373954772949219e+00
6.440573215484619141e+00
6.181704521179199219e+00
6.826293468475341797e+00
7.035221099853515625e+00
6.853907585144042969e+00
7.369487285614013672e+00
7.826652526855468750e+00
8.038765907287597656e+00
8.614355087280273438e+00
6.419857025146484375e+00
7.025789260864257812e+00
6.234467983245849609e+00
5.933678627014160156e+00
4.619943141937255859e+00
5.792505741119384766e+00
5.992145538330078125e+00
5.462041854858398438e+00
7.167627334594726562e+00
6.448075294494628906e+00
7.624288558959960938e+00
6.618638515472412109e+00
4.222371101379394531e+00
5.179661750793457031e+00
5.446743011474609375e+00
5.405748844146728516e+00
5.858325958251953125e+00
6.483736038208007812e+00
5.948782444000244141e+00
6.657016754150390625e+00
5.861720085144042969e+00
5.630683898925781250e+00
7.116561889648437500e+00
5.392856597900390625e+00
6.550424575805664062e+00
9.188549041748046875e+00
7.399866104125976562e+00
7.859874248504638672e+00
6.261249542236328125e+00
6.184912681579589844e+00
7.188208103179931641e+00
7.782620429992675781e+00
6.445871829986572266e+00
6.862983226776123047e+00
5.860848426818847656e+00
6.132209777832031250e+00
6.814811706542968750e+00
5.856179237365722656e+00
6.269338130950927734e+00
5.138198375701904297e+00
5.877475738525390625e+00
6.226029872894287109e+00
7.558166027069091797e+00
8.501110076904296875e+00
7.016212463378906250e+00
6.969673156738281250e+00
5.273386001586914062e+00
6.957129001617431641e+00
6.598725795745849609e+00
6.307179927825927734e+00
7.480751514434814453e+00
5.486862182617187500e+00
7.581160545349121094e+00
8.314783096313476562e+00
7.992915153503417969e+00
6.253798484802246094e+00
6.488878250122070312e+00
6.657567024230957031e+00
7.536661148071289062e+00
6.175479412078857422e+00
7.097260475158691406e+00
5.345372200012207031e+00
5.954916477203369141e+00
6.223533630371093750e+00
6.072297096252441406e+00
6.847995281219482422e+00
6.599838733673095703e+00
5.388307571411132812e+00
6.293957710266113281e+00
7.080755710601806641e+00
5.426456451416015625e+00
6.518500328063964844e+00
8.315045356750488281e+00
6.900354862213134766e+00
7.211026668548583984e+00
6.886743545532226562e+00
6.316140174865722656e+00
7.474591255187988281e+00
5.325504302978515625e+00
6.512907028198242188e+00
6.242362022399902344e+00
7.760379791259765625e+00
8.450631141662597656e+00
7.779864788055419922e+00
7.882971763610839844e+00
4.830800056457519531e+00
6.082535743713378906e+00
6.758965969085693359e+00
5.638245582580566406e+00
6.326628684997558594e+00
5.898004531860351562e+00
5.176502227783203125e+00
7.880523204803466797e+00
7.499314308166503906e+00
6.190727233886718750e+00
6.922083377838134766e+00
5.478066921234130859e+00
6.870721817016601562e+00
5.801632881164550781e+00
6.256301879882812500e+00
7.661325931549072266e+00
8.152540206909179688e+00
6.358693122863769531e+00
7.052705287933349609e+00
7.092170238494873047e+00
7.592565059661865234e+00
6.099261283874511719e+00
6.711177349090576172e+00
7.343358993530273438e+00
4.822682380676269531e+00
6.382658004760742188e+00
7.795357704162597656e+00
6.374002933502197266e+00
6.959610939025878906e+00
7.337678432464599609e+00
6.182046890258789062e+00
6.578680038452148438e+00
6.557818889617919922e+00
7.322720527648925781e+00
7.176068782806396484e+00
5.855937004089355469e+00
7.052309036254882812e+00
6.978038311004638672e+00
6.898000240325927734e+00
7.561491012573242188e+00
6.785299301147460938e+00
6.552326202392578125e+00
7.120446205139160156e+00
6.515230655670166016e+00
6.344278812408447266e+00
5.673916339874267578e+00
7.096451759338378906e+00
5.959841251373291016e+00
6.506627082824707031e+00
5.743098258972167969e+00
5.788023948669433594e+00
6.428652763366699219e+00
7.685181617736816406e+00
6.320933818817138672e+00
8.315376281738281250e+00
7.407248020172119141e+00
5.633551597595214844e+00
7.492413520812988281e+00
5.501968383789062500e+00
7.122187614440917969e+00
5.998744964599609375e+00
6.440292358398437500e+00
5.982817173004150391e+00
5.816345214843750000e+00
7.142753124237060547e+00
7.025666236877441406e+00
8.331332206726074219e+00
6.230196475982666016e+00
6.868059158325195312e+00
8.960325241088867188e+00
6.947938919067382812e+00
5.553797721862792969e+00
8.210548400878906250e+00
5.600617408752441406e+00
5.700901508331298828e+00
4.864636421203613281e+00
6.949947357177734375e+00
6.578760147094726562e+00
6.272860527038574219e+00
7.473415374755859375e+00
6.850281715393066406e+00
6.040535926818847656e+00
5.721949577331542969e+00
6.951808929443359375e+00
6.214376449584960938e+00
6.323214530944824219e+00
6.072092056274414062e+00
5.147301673889160156e+00
6.891786575317382812e+00
7.746247768402099609e+00
5.054832935333251953e+00
6.075469970703125000e+00
5.139710903167724609e+00
8.348394393920898438e+00
5.551618576049804688e+00
7.110565185546875000e+00
7.468702793121337891e+00
6.037935733795166016e+00
5.106212139129638672e+00
5.463932991027832031e+00
5.918130397796630859e+00
7.394387245178222656e+00
5.865202903747558594e+00
6.880280494689941406e+00
5.548315048217773438e+00
5.851614952087402344e+00
7.138589859008789062e+00
6.224308967590332031e+00
7.379251480102539062e+00
5.807158470153808594e+00
5.928678512573242188e+00
6.682994842529296875e+00
6.290205955505371094e+00
4.527126312255859375e+00
7.121371269226074219e+00
6.411987304687500000e+00
6.841678619384765625e+00
6.744091987609863281e+00
6.533884525299072266e+00
8.782063484191894531e+00
6.253637790679931641e+00
6.927453994750976562e+00
5.707836151123046875e+00
6.957715988159179688e+00
6.863513469696044922e+00
6.211127281188964844e+00
6.836732864379882812e+00
6.252564430236816406e+00
5.548920631408691406e+00
5.680307388305664062e+00
6.294422626495361328e+00
6.222180843353271484e+00
8.141313552856445312e+00
6.917075157165527344e+00
7.419862270355224609e+00
7.261563301086425781e+00
6.419271945953369141e+00
6.323925495147705078e+00
6.337144851684570312e+00
8.282464981079101562e+00
6.498829841613769531e+00
6.621216773986816406e+00
7.195488929748535156e+00
6.659881114959716797e+00
7.530392646789550781e+00
6.721912384033203125e+00
6.111657142639160156e+00
6.746430397033691406e+00
7.780203819274902344e+00
6.262787818908691406e+00
6.491983413696289062e+00
6.325048446655273438e+00
6.487940788269042969e+00
7.089723587036132812e+00
5.853317737579345703e+00
6.056540489196777344e+00
7.145367145538330078e+00
6.587221622467041016e+00
5.026370048522949219e+00
4.696844577789306641e+00
7.601922035217285156e+00
5.744278430938720703e+00
6.154664039611816406e+00
7.325489521026611328e+00
5.625643253326416016e+00
6.414066791534423828e+00
6.237911224365234375e+00
7.368421554565429688e+00
6.676066398620605469e+00
5.974111557006835938e+00
7.701445579528808594e+00
7.529468536376953125e+00
4.199883460998535156e+00
5.717271804809570312e+00
6.927160263061523438e+00
5.294031143188476562e+00
5.434806346893310547e+00
6.500335693359375000e+00
6.096600532531738281e+00
7.527802467346191406e+00
5.236000061035156250e+00
7.824974060058593750e+00
6.832994461059570312e+00
5.985670566558837891e+00
5.886174201965332031e+00
5.571230888366699219e+00
5.100199699401855469e+00
6.021306991577148438e+00
7.140315055847167969e+00
5.141783714294433594e+00
6.682341575622558594e+00
6.285957813262939453e+00
4.942867755889892578e+00
8.392542839050292969e+00
6.676898002624511719e+00
6.212263107299804688e+00
6.485177040100097656e+00
7.824139595031738281e+00
5.392327785491943359e+00
6.916825771331787109e+00
4.812908172607421875e+00
6.685231685638427734e+00
6.675986289978027344e+00
5.754009723663330078e+00
7.539198875427246094e+00
6.779982566833496094e+00
5.123706817626953125e+00
6.237438678741455078e+00
7.779783248901367188e+00
5.968426227569580078e+00
5.035586357116699219e+00
6.032980918884277344e+00
6.845601558685302734e+00
8.487546920776367188e+00
6.097080230712890625e+00
5.638931274414062500e+00
4.582500934600830078e+00
5.526547908782958984e+00
5.399276733398437500e+00
5.514002799987792969e+00
6.664718627929687500e+00
5.517385005950927734e+00
7.534691810607910156e+00
7.074268341064453125e+00
5.931435108184814453e+00
6.446098327636718750e+00
5.664561271667480469e+00
6.867975711822509766e+00
7.398176193237304688e+00
6.868885993957519531e+00
5.765254020690917969e+00
6.151095390319824219e+00
6.790867805480957031e+00
5.611580848693847656e+00
6.389836311340332031e+00
6.901373863220214844e+00
5.776831626892089844e+00
7.801549911499023438e+00
5.088822364807128906e+00
6.612475395202636719e+00
5.695824146270751953e+00
5.665163993835449219e+00
5.291045188903808594e+00
5.485563278198242188e+00
6.282642841339111328e+00
6.680980682373046875e+00
7.039445877075195312e+00
6.521600723266601562e+00
6.048786163330078125e+00
5.077701568603515625e+00
6.324728012084960938e+00
7.945191860198974609e+00
6.294751167297363281e+00
6.094352722167968750e+00
8.234699249267578125e+00
7.886279106140136719e+00
7.198651313781738281e+00
7.564917087554931641e+00
6.078878402709960938e+00
5.643050193786621094e+00
7.338904380798339844e+00
5.259923934936523438e+00
6.140624046325683594e+00
5.819742202758789062e+00
5.688986778259277344e+00
5.653599262237548828e+00
6.706354141235351562e+00
7.303797721862792969e+00
5.348163127899169922e+00
5.152199745178222656e+00
5.265182495117187500e+00
6.227542877197265625e+00
5.903731822967529297e+00
5.190306186676025391e+00
7.089935302734375000e+00
7.383348464965820312e+00
7.062335014343261719e+00
5.936473846435546875e+00
5.305295944213867188e+00
5.733356475830078125e+00
5.202787876129150391e+00
7.653682708740234375e+00
6.053965568542480469e+00
4.846166610717773438e+00
6.063601493835449219e+00
5.045462608337402344e+00
6.528327465057373047e+00
5.481941699981689453e+00
6.870072841644287109e+00
6.714246749877929688e+00
6.977592468261718750e+00
6.984765529632568359e+00
7.391358375549316406e+00
7.590654373168945312e+00
5.351366519927978516e+00
5.295389652252197266e+00
5.553950309753417969e+00
6.356217384338378906e+00
6.050414085388183594e+00
5.252315044403076172e+00
5.460512161254882812e+00
5.566458702087402344e+00
6.460734367370605469e+00
5.056398391723632812e+00
5.887618064880371094e+00
5.530553817749023438e+00
6.791657924652099609e+00
6.697242736816406250e+00
5.195446968078613281e+00
6.637842178344726562e+00
6.865781307220458984e+00
5.625980377197265625e+00
6.584321975708007812e+00
5.817026615142822266e+00
7.692718982696533203e+00
6.753267288208007812e+00
7.008116722106933594e+00
5.807189464569091797e+00
6.983841419219970703e+00
7.744366645812988281e+00
5.136346817016601562e+00
6.943013668060302734e+00
6.483352184295654297e+00
5.545213222503662109e+00
6.981457710266113281e+00
5.322066307067871094e+00
6.925283432006835938e+00
7.797032833099365234e+00
6.423525810241699219e+00
6.194498538970947266e+00
6.873911857604980469e+00
5.743624687194824219e+00
7.701550960540771484e+00
5.663368225097656250e+00
6.360429286956787109e+00
6.320345878601074219e+00
5.798532485961914062e+00
4.897251129150390625e+00
6.023297786712646484e+00
6.962208747863769531e+00
6.883632659912109375e+00
6.145515441894531250e+00
6.342772483825683594e+00
7.508112430572509766e+00
6.704878807067871094e+00
5.975834846496582031e+00
6.948302745819091797e+00
6.875889301300048828e+00
6.529535293579101562e+00
7.528628349304199219e+00
5.327320575714111328e+00
6.621479034423828125e+00
6.458069801330566406e+00
7.529186248779296875e+00
5.630630493164062500e+00
5.506716728210449219e+00
5.139100551605224609e+00
6.038245201110839844e+00
5.120068550109863281e+00
6.738713264465332031e+00
5.429610252380371094e+00
6.003289222717285156e+00
6.231324672698974609e+00
6.481910705566406250e+00
6.711759567260742188e+00
6.336335182189941406e+00
6.597421169281005859e+00
6.414817333221435547e+00
5.628777503967285156e+00
5.129336357116699219e+00
6.816398620605468750e+00
6.469429492950439453e+00
6.203704833984375000e+00
7.401530265808105469e+00
7.127564430236816406e+00
7.343701362609863281e+00
5.092366218566894531e+00
6.504618644714355469e+00
4.785133361816406250e+00
5.633083343505859375e+00
5.955014705657958984e+00
4.571882247924804688e+00
5.655211448669433594e+00
5.743601799011230469e+00
7.167657852172851562e+00
4.958070278167724609e+00
6.027278900146484375e+00
6.044586181640625000e+00
7.651507377624511719e+00
6.099256992340087891e+00
6.986814498901367188e+00
7.355102062225341797e+00
5.093485355377197266e+00
5.638910770416259766e+00
6.223214149475097656e+00
6.602812767028808594e+00
5.518108367919921875e+00
3.991507530212402344e+00
5.397515296936035156e+00
4.064041614532470703e+00
7.195694923400878906e+00
5.695363044738769531e+00
6.520288467407226562e+00
6.918196201324462891e+00
6.594871997833251953e+00
7.070882797241210938e+00
6.706832885742187500e+00
5.491109848022460938e+00
7.596474647521972656e+00
5.771538734436035156e+00
6.775334358215332031e+00
5.898435115814208984e+00
7.473030090332031250e+00
8.391556739807128906e+00
5.638647079467773438e+00
6.566795349121093750e+00
7.100583076477050781e+00
5.598897933959960938e+00
7.200820922851562500e+00
7.040329933166503906e+00
6.292553424835205078e+00
5.118710041046142578e+00
5.616039276123046875e+00
5.408926963806152344e+00
6.255054950714111328e+00
6.373866081237792969e+00
6.279294490814208984e+00
6.243273735046386719e+00
6.572731971740722656e+00
6.448176383972167969e+00
6.405017375946044922e+00
6.252242565155029297e+00
4.935314178466796875e+00
6.303700447082519531e+00
5.825084686279296875e+00
6.852291107177734375e+00
5.695971488952636719e+00
6.826929092407226562e+00
5.601647377014160156e+00
6.460132122039794922e+00
5.556283950805664062e+00
5.753629684448242188e+00
5.279305458068847656e+00
7.368934631347656250e+00
5.552227020263671875e+00
5.617524147033691406e+00
6.163144111633300781e+00
5.929163455963134766e+00
5.953212738037109375e+00
5.782385826110839844e+00
5.358404159545898438e+00
6.186384201049804688e+00
6.383256912231445312e+00
6.967563629150390625e+00
6.295248985290527344e+00
7.145707130432128906e+00
5.667920112609863281e+00
6.219281673431396484e+00
5.617882728576660156e+00
6.619689941406250000e+00
5.654980182647705078e+00
5.388644218444824219e+00
4.610538482666015625e+00
6.372629165649414062e+00
6.956171989440917969e+00
6.296534538269042969e+00
5.352581501007080078e+00
5.133942127227783203e+00
7.278925418853759766e+00
6.839190483093261719e+00
6.042026519775390625e+00
6.362940788269042969e+00
5.353598594665527344e+00
5.680265426635742188e+00
6.985048770904541016e+00
6.174454212188720703e+00
6.374903678894042969e+00
6.501312255859375000e+00
5.232556343078613281e+00
4.827548980712890625e+00
6.082081794738769531e+00
5.671655654907226562e+00
5.312473297119140625e+00
5.788682937622070312e+00
5.651995658874511719e+00
5.143613815307617188e+00
5.086682319641113281e+00
5.316359519958496094e+00
4.768974304199218750e+00
7.206734180450439453e+00
6.525909900665283203e+00
6.472807884216308594e+00
4.437108039855957031e+00
7.000116825103759766e+00
6.575188159942626953e+00
7.226232528686523438e+00
7.744521141052246094e+00
5.366662979125976562e+00
5.179543495178222656e+00
5.851690292358398438e+00
5.007865905761718750e+00
5.634930133819580078e+00
7.285870552062988281e+00
5.865929603576660156e+00
5.226976394653320312e+00
5.449549674987792969e+00
5.179340362548828125e+00
6.311611175537109375e+00
6.299387931823730469e+00
6.474415302276611328e+00
6.287334918975830078e+00
5.761139869689941406e+00
5.991321086883544922e+00
4.838581562042236328e+00
7.068100929260253906e+00
4.893088340759277344e+00
5.478572845458984375e+00
5.877101898193359375e+00
5.703625679016113281e+00
5.609530448913574219e+00
5.529544830322265625e+00
6.623187065124511719e+00
5.860627651214599609e+00
5.965764045715332031e+00
5.500915527343750000e+00
5.399186134338378906e+00
6.415077686309814453e+00
5.815559387207031250e+00
4.797607898712158203e+00
5.334974765777587891e+00
5.048830986022949219e+00
5.940730571746826172e+00
5.857799053192138672e+00
6.258107662200927734e+00
6.861444950103759766e+00
6.844505310058593750e+00
4.649275779724121094e+00
5.639612674713134766e+00
6.517661094665527344e+00
5.219244003295898438e+00
6.800000190734863281e+00
5.258707523345947266e+00
5.225707054138183594e+00
5.332849025726318359e+00
4.818787574768066406e+00
6.436977386474609375e+00
5.729873657226562500e+00
6.535515785217285156e+00
6.769965171813964844e+00
7.250661849975585938e+00
5.887551307678222656e+00
5.544560432434082031e+00
5.810340881347656250e+00
5.605262756347656250e+00
4.709434986114501953e+00
5.036596298217773438e+00
5.512733459472656250e+00
5.925157070159912109e+00
6.160350799560546875e+00
8.158975601196289062e+00
5.949435234069824219e+00
7.479563713073730469e+00
6.105965614318847656e+00
5.868967056274414062e+00
6.004381179809570312e+00
6.519998550415039062e+00
6.441992282867431641e+00
6.539463043212890625e+00
6.768692016601562500e+00
5.335832595825195312e+00
6.196881294250488281e+00
7.009811401367187500e+00
7.362402915954589844e+00
5.456624031066894531e+00
7.373775959014892578e+00
5.217566013336181641e+00
6.595707893371582031e+00
4.958858966827392578e+00
5.077508926391601562e+00
5.240592956542968750e+00
5.730386734008789062e+00
7.174845218658447266e+00
6.689249038696289062e+00
6.100588798522949219e+00
5.838041305541992188e+00
5.572890281677246094e+00
7.119545936584472656e+00
7.301856517791748047e+00
5.860073089599609375e+00
6.398742198944091797e+00
5.201072216033935547e+00
5.595900535583496094e+00
6.593744754791259766e+00
5.452117919921875000e+00
5.454607963562011719e+00
4.784899234771728516e+00
6.302286148071289062e+00
7.186635971069335938e+00
6.349977016448974609e+00
6.021494388580322266e+00
6.981248855590820312e+00
5.512128829956054688e+00
4.707151412963867188e+00
4.559917449951171875e+00
5.590212821960449219e+00
7.227445602416992188e+00
5.325075149536132812e+00
5.246196269989013672e+00
5.561924457550048828e+00
5.376876354217529297e+00
6.993884086608886719e+00
6.671182155609130859e+00
4.988567829132080078e+00
5.804656982421875000e+00
5.780947685241699219e+00
7.101739883422851562e+00
6.434406280517578125e+00
6.407279014587402344e+00
6.021676063537597656e+00
5.019391059875488281e+00
6.135516166687011719e+00
4.545343399047851562e+00
5.795200347900390625e+00
6.503675460815429688e+00
4.640026569366455078e+00
6.218667984008789062e+00
5.980595111846923828e+00
6.189960479736328125e+00
5.364617347717285156e+00
5.396913528442382812e+00
5.910899639129638672e+00
5.591141700744628906e+00
5.566384792327880859e+00
5.261619567871093750e+00
5.314933300018310547e+00
6.241279125213623047e+00
4.771661758422851562e+00
5.132023811340332031e+00
5.113274097442626953e+00
5.990799903869628906e+00
6.740756988525390625e+00
5.540987014770507812e+00
6.417489051818847656e+00
6.128042221069335938e+00
4.798264503479003906e+00
5.523903846740722656e+00
6.154585838317871094e+00
5.702137947082519531e+00
5.035711765289306641e+00
4.919112205505371094e+00
4.709594726562500000e+00
7.162391662597656250e+00
6.461634635925292969e+00
6.234070301055908203e+00
6.092127799987792969e+00
6.797480106353759766e+00
4.433670043945312500e+00
6.007416725158691406e+00
6.099437713623046875e+00
6.891158103942871094e+00
5.140777587890625000e+00
4.842922687530517578e+00
5.533370971679687500e+00
5.844476699829101562e+00
5.865552902221679688e+00
4.431860923767089844e+00
5.201719760894775391e+00
6.134669303894042969e+00
4.343277931213378906e+00
5.757716178894042969e+00
4.879189491271972656e+00
5.131765842437744141e+00
5.701758384704589844e+00
5.883699893951416016e+00
5.622422695159912109e+00
5.502976417541503906e+00
5.911891937255859375e+00
5.370630741119384766e+00
5.465495109558105469e+00
6.282785415649414062e+00
5.135875701904296875e+00
6.793208122253417969e+00
6.725164413452148438e+00
5.318619728088378906e+00
4.707090377807617188e+00
6.492233276367187500e+00
5.077663898468017578e+00
6.618179321289062500e+00
5.762546062469482422e+00
5.361427307128906250e+00
5.217416763305664062e+00
6.434971809387207031e+00
5.199966430664062500e+00
6.320149898529052734e+00
7.298837184906005859e+00
5.482140541076660156e+00
6.154786109924316406e+00
5.284231185913085938e+00
5.252452373504638672e+00
5.865259647369384766e+00
6.091886520385742188e+00
5.830105781555175781e+00
5.525574684143066406e+00
7.677684783935546875e+00
6.241788864135742188e+00
6.385194301605224609e+00
6.938796997070312500e+00
5.357148647308349609e+00
6.386426448822021484e+00
4.606729984283447266e+00
5.518483161926269531e+00
5.901922225952148438e+00
6.325076103210449219e+00
5.527559280395507812e+00
4.997434616088867188e+00
5.167884826660156250e+00
5.732319831848144531e+00
5.314419746398925781e+00
4.932988166809082031e+00
5.387647628784179688e+00
5.107396125793457031e+00
7.438344001770019531e+00
6.358027458190917969e+00
7.343766689300537109e+00
5.916460037231445312e+00
4.582241058349609375e+00
4.718455314636230469e+00
4.908559799194335938e+00
5.537897109985351562e+00
5.461375713348388672e+00
5.878890514373779297e+00
6.381759166717529297e+00
6.521434783935546875e+00
4.834821224212646484e+00
6.345325469970703125e+00
5.385245323181152344e+00
5.668748378753662109e+00
5.798432350158691406e+00
5.186830520629882812e+00
5.659178733825683594e+00
5.776332855224609375e+00
6.302076816558837891e+00
5.761238098144531250e+00
4.673052310943603516e+00
4.522728443145751953e+00
4.477590560913085938e+00
4.256304740905761719e+00
4.342538356781005859e+00
6.443894386291503906e+00
4.984585285186767578e+00
6.727374076843261719e+00
5.541854858398437500e+00
4.946002483367919922e+00
4.645964622497558594e+00
5.524804115295410156e+00
4.321880817413330078e+00
5.664530277252197266e+00
5.482602119445800781e+00
3.559612274169921875e+00
6.469918727874755859e+00
5.067897319793701172e+00
5.825814247131347656e+00
5.655333995819091797e+00
6.045133113861083984e+00
6.222309112548828125e+00
5.616193771362304688e+00
4.492688179016113281e+00
4.962845802307128906e+00
5.137785911560058594e+00
5.383103370666503906e+00
4.452167510986328125e+00
7.181746482849121094e+00
4.574326515197753906e+00
4.677785873413085938e+00
5.175819396972656250e+00
6.044036865234375000e+00
6.510663032531738281e+00
6.162355422973632812e+00
5.776926040649414062e+00
6.059067726135253906e+00
5.072229862213134766e+00
5.399759292602539062e+00
5.090637207031250000e+00
5.855693817138671875e+00
5.627507209777832031e+00
6.899081230163574219e+00
5.394133090972900391e+00
6.202936172485351562e+00
5.866684913635253906e+00
5.958236217498779297e+00
5.177949905395507812e+00
6.652044296264648438e+00
6.492711067199707031e+00
5.035433769226074219e+00
6.137088775634765625e+00
4.882083415985107422e+00
6.123335838317871094e+00
4.763013362884521484e+00
5.433920860290527344e+00
5.728899955749511719e+00
6.540029525756835938e+00
4.725516796112060547e+00
6.084365367889404297e+00
5.924925804138183594e+00
5.692693710327148438e+00
5.229200839996337891e+00
5.048228263854980469e+00
6.534107208251953125e+00
5.791693687438964844e+00
5.570230960845947266e+00
4.320054054260253906e+00
5.026483058929443359e+00
5.965828418731689453e+00
7.050389289855957031e+00
4.716660976409912109e+00
6.473317146301269531e+00
6.817888259887695312e+00
7.223718643188476562e+00
6.075648307800292969e+00
6.070628166198730469e+00
5.509839534759521484e+00
5.246452331542968750e+00
6.945024490356445312e+00
4.674683570861816406e+00
5.823453903198242188e+00
3.950887203216552734e+00
7.638565540313720703e+00
4.549552440643310547e+00
6.290434837341308594e+00
6.823593616485595703e+00
6.097543716430664062e+00
6.061769008636474609e+00
5.654651641845703125e+00
5.621878147125244141e+00
5.376529693603515625e+00
4.980587959289550781e+00
5.353027343750000000e+00
3.677564620971679688e+00
5.964942932128906250e+00
4.874403953552246094e+00
6.149782180786132812e+00
5.025312900543212891e+00
4.558712005615234375e+00
5.083110332489013672e+00
6.754280090332031250e+00
5.069282531738281250e+00
5.422320842742919922e+00
5.238719940185546875e+00
5.487430572509765625e+00
4.593765735626220703e+00
7.218765258789062500e+00
6.356261253356933594e+00
7.196086883544921875e+00
5.679504871368408203e+00
5.970084667205810547e+00
5.181837081909179688e+00
6.534523487091064453e+00
5.946580886840820312e+00
4.827927589416503906e+00
6.769603252410888672e+00
4.363963127136230469e+00
7.274824142456054688e+00
5.221640586853027344e+00
6.321246147155761719e+00
4.656017303466796875e+00
6.845283985137939453e+00
5.261144638061523438e+00
5.418912887573242188e+00
5.072974205017089844e+00
6.326642036437988281e+00
5.144767761230468750e+00
5.288776397705078125e+00
6.308292388916015625e+00
5.694112777709960938e+00
5.632924079895019531e+00
5.570578575134277344e+00
5.232602596282958984e+00
5.807871818542480469e+00
5.625158309936523438e+00
6.342682838439941406e+00
5.032363414764404297e+00
5.209259510040283203e+00
7.070654869079589844e+00
5.446640014648437500e+00
5.957151889801025391e+00
4.970587253570556641e+00
5.584852218627929688e+00
4.498212814331054688e+00
5.747214794158935547e+00
6.432277202606201172e+00
5.036896705627441406e+00
5.443281173706054688e+00
5.054591655731201172e+00
5.120934486389160156e+00
5.621920585632324219e+00
5.519292354583740234e+00
5.126372337341308594e+00
5.768116474151611328e+00
5.505057811737060547e+00
6.122151374816894531e+00
6.693362236022949219e+00
6.918400764465332031e+00
6.193263530731201172e+00
6.051138877868652344e+00
6.325084686279296875e+00
5.466246604919433594e+00
5.193066596984863281e+00
6.381577968597412109e+00
5.808912277221679688e+00
5.113301277160644531e+00
5.040004730224609375e+00
4.663005352020263672e+00
5.072803497314453125e+00
5.052541732788085938e+00
5.015274047851562500e+00
5.224927902221679688e+00
5.437151908874511719e+00
6.062270164489746094e+00
6.194448471069335938e+00
4.194193363189697266e+00
5.136670589447021484e+00
4.874078750610351562e+00
4.594036102294921875e+00
5.556185722351074219e+00
5.827438831329345703e+00
5.267328262329101562e+00
4.425892829895019531e+00
5.723582744598388672e+00
6.324598312377929688e+00
5.764129638671875000e+00
5.453309059143066406e+00
5.785543918609619141e+00
4.695383071899414062e+00
4.471933364868164062e+00
5.567965507507324219e+00
5.126333713531494141e+00
4.750989913940429688e+00
6.564700126647949219e+00
4.357513427734375000e+00
5.280638694763183594e+00
5.877832412719726562e+00
4.735062599182128906e+00
5.272477149963378906e+00
5.371452331542968750e+00
4.805477619171142578e+00
6.003440856933593750e+00
5.018690109252929688e+00
5.004408836364746094e+00
5.390569210052490234e+00
5.065914154052734375e+00
5.527187347412109375e+00
5.421146392822265625e+00
5.319838523864746094e+00
6.014491558074951172e+00
6.731334686279296875e+00
5.091621398925781250e+00
4.540722846984863281e+00
4.253502368927001953e+00
5.810940742492675781e+00
4.985939025878906250e+00
5.675211906433105469e+00
5.642745018005371094e+00
4.620266437530517578e+00
6.058336257934570312e+00
5.520599365234375000e+00
5.349139213562011719e+00
5.640521049499511719e+00
5.585277557373046875e+00
6.415439605712890625e+00
4.555168628692626953e+00
5.450822830200195312e+00
4.472985267639160156e+00
6.303832054138183594e+00
5.442685604095458984e+00
5.103497982025146484e+00
5.980270862579345703e+00
5.846210479736328125e+00
5.930907726287841797e+00
4.576205730438232422e+00
4.626783370971679688e+00
4.350603103637695312e+00
5.491105079650878906e+00
6.290082931518554688e+00
4.548564434051513672e+00
6.411749362945556641e+00
6.213960647583007812e+00
4.092737197875976562e+00
6.185225486755371094e+00
6.683039665222167969e+00
4.875421524047851562e+00
4.889976501464843750e+00
6.305993556976318359e+00
4.696270465850830078e+00
4.269803524017333984e+00
5.833951473236083984e+00
7.365205764770507812e+00
6.896031379699707031e+00
5.367156982421875000e+00
5.982168197631835938e+00
5.966981887817382812e+00
6.528930664062500000e+00
7.157098293304443359e+00
5.465900421142578125e+00
5.036315917968750000e+00
4.510223388671875000e+00
6.279692649841308594e+00
5.387078285217285156e+00
4.899214267730712891e+00
4.963303565979003906e+00
5.849852561950683594e+00
6.521120548248291016e+00
5.224317550659179688e+00
6.976441383361816406e+00
4.321601867675781250e+00
5.347502708435058594e+00
5.579727172851562500e+00
4.659423351287841797e+00
5.809586524963378906e+00
5.653390407562255859e+00
5.159731388092041016e+00
4.185186386108398438e+00
5.001677989959716797e+00
5.252637863159179688e+00
3.874528884887695312e+00
4.605379104614257812e+00
5.600941658020019531e+00
5.411701679229736328e+00
4.665250301361083984e+00
4.502891540527343750e+00
4.565654754638671875e+00
5.613083839416503906e+00
4.677864074707031250e+00
4.698647499084472656e+00
6.414528369903564453e+00
6.074537277221679688e+00
5.333085060119628906e+00
5.193088054656982422e+00
4.464276313781738281e+00
4.588841438293457031e+00
6.892151832580566406e+00
5.565999984741210938e+00
5.081066608428955078e+00
4.351685047149658203e+00
6.610525131225585938e+00
5.093650817871093750e+00
5.881807327270507812e+00
5.612735748291015625e+00
5.169006824493408203e+00
4.464718341827392578e+00
5.697215080261230469e+00
4.338257789611816406e+00
5.493742942810058594e+00
6.938133239746093750e+00
5.599266052246093750e+00
5.211099624633789062e+00
6.362822532653808594e+00
4.614049911499023438e+00
6.167600154876708984e+00
6.396957397460937500e+00
5.462614059448242188e+00
5.376996040344238281e+00
4.333541870117187500e+00
6.183142662048339844e+00
5.255714416503906250e+00
5.516295433044433594e+00
6.160139560699462891e+00
4.279090404510498047e+00
6.026145935058593750e+00
5.366625785827636719e+00
4.997657775878906250e+00
5.279929637908935547e+00
6.974103927612304688e+00
4.448400497436523438e+00
5.706849098205566406e+00
5.284027099609375000e+00
5.698092937469482422e+00
4.866674423217773438e+00
6.316931247711181641e+00
4.494594573974609375e+00
4.001392364501953125e+00
5.501178741455078125e+00
5.138700485229492188e+00
5.854689598083496094e+00
3.731136798858642578e+00
5.367156028747558594e+00
4.599149703979492188e+00
5.885009765625000000e+00
6.915724754333496094e+00
5.082282066345214844e+00
4.425531387329101562e+00
5.382584571838378906e+00
5.303507804870605469e+00
6.081129074096679688e+00
5.418398380279541016e+00
4.375237464904785156e+00
6.108241081237792969e+00
5.330217361450195312e+00
6.178165435791015625e+00
6.045432567596435547e+00
8.362770080566406250e+00
6.020344734191894531e+00
5.468365669250488281e+00
4.657295703887939453e+00
5.423176288604736328e+00
6.657118797302246094e+00
5.978332042694091797e+00
6.631988525390625000e+00
6.399621009826660156e+00
5.685105323791503906e+00
5.694282054901123047e+00
7.757202625274658203e+00
6.759423255920410156e+00
4.538063049316406250e+00
6.023416519165039062e+00
5.489114761352539062e+00
4.837889194488525391e+00
5.882795810699462891e+00
7.205983638763427734e+00
4.734629154205322266e+00
6.282336235046386719e+00
6.267230033874511719e+00
5.496496200561523438e+00
5.036824703216552734e+00
6.804941177368164062e+00
5.585810184478759766e+00
6.267991542816162109e+00
5.449515342712402344e+00
6.123045921325683594e+00
5.099422454833984375e+00
5.061380386352539062e+00
5.900478363037109375e+00
5.122771263122558594e+00
4.369240760803222656e+00
6.660999298095703125e+00
5.555758476257324219e+00
4.672664642333984375e+00
6.780702590942382812e+00
5.218636035919189453e+00
6.277385711669921875e+00
5.338949203491210938e+00
4.378911972045898438e+00
4.690671443939208984e+00
4.243361473083496094e+00
4.848031044006347656e+00
5.316720962524414062e+00
5.710424423217773438e+00
4.408176422119140625e+00
5.308725833892822266e+00
5.311689376831054688e+00
4.831896781921386719e+00
5.179531574249267578e+00
4.572386741638183594e+00
6.867223262786865234e+00
5.963712215423583984e+00
5.570292472839355469e+00
5.424766063690185547e+00
5.290686130523681641e+00
5.594712257385253906e+00
4.959074497222900391e+00
5.978009223937988281e+00
4.864476203918457031e+00
5.936171531677246094e+00
5.244082927703857422e+00
6.286611557006835938e+00
5.503250598907470703e+00
5.689639091491699219e+00
5.600293636322021484e+00
4.961243629455566406e+00
5.921037673950195312e+00
5.621248245239257812e+00
5.875472068786621094e+00
6.042399883270263672e+00
5.511697769165039062e+00
5.102822780609130859e+00
5.674282073974609375e+00
5.891412734985351562e+00
5.281809806823730469e+00
3.946772813796997070e+00
4.624558925628662109e+00
6.122068405151367188e+00
5.000554084777832031e+00
4.630906105041503906e+00
6.657641410827636719e+00
6.625220298767089844e+00
4.680776596069335938e+00
4.603746414184570312e+00
5.227728843688964844e+00
6.171142101287841797e+00
5.116795063018798828e+00
5.453113555908203125e+00
5.318267822265625000e+00
6.110847473144531250e+00
5.683486461639404297e+00
5.335802078247070312e+00
4.613423347473144531e+00
5.675176620483398438e+00
4.937672615051269531e+00
5.001815319061279297e+00
5.976408004760742188e+00
5.388194084167480469e+00
4.822743892669677734e+00
7.730220794677734375e+00
5.926784515380859375e+00
4.936736583709716797e+00
5.491645336151123047e+00
6.274463653564453125e+00
4.932459831237792969e+00
5.813692092895507812e+00
5.290261268615722656e+00
4.840085029602050781e+00
5.421890258789062500e+00
6.333688735961914062e+00
4.402895927429199219e+00
5.196497440338134766e+00
4.998249053955078125e+00
5.786487102508544922e+00
5.795917510986328125e+00
4.809982299804687500e+00
5.837559700012207031e+00
5.760547637939453125e+00
4.953278064727783203e+00
4.604701042175292969e+00
4.441462516784667969e+00
5.917520523071289062e+00
4.132282733917236328e+00
4.488385200500488281e+00
5.049000263214111328e+00
5.364392757415771484e+00
4.238758087158203125e+00
4.652376174926757812e+00
5.148112773895263672e+00
6.051939010620117188e+00
5.382218360900878906e+00
5.960794448852539062e+00
5.148131370544433594e+00
5.074969768524169922e+00
5.877112388610839844e+00
5.301461219787597656e+00
4.709688186645507812e+00
6.552903175354003906e+00
5.429556846618652344e+00
5.358004570007324219e+00
4.691798210144042969e+00
5.717818260192871094e+00
5.325234413146972656e+00
5.354260444641113281e+00
6.550676822662353516e+00
4.860670566558837891e+00
6.134146690368652344e+00
4.941463470458984375e+00
4.917744636535644531e+00
4.981664180755615234e+00
5.033265113830566406e+00
4.745979309082031250e+00
5.428132057189941406e+00
4.374696731567382812e+00
6.598861694335937500e+00
5.127743244171142578e+00
4.874217033386230469e+00
4.060987472534179688e+00
4.843255043029785156e+00
4.580958366394042969e+00
5.669233322143554688e+00
5.625599861145019531e+00
3.940954208374023438e+00
5.551989555358886719e+00
5.863462448120117188e+00
5.123444557189941406e+00
5.528421401977539062e+00
4.147620201110839844e+00
3.176623821258544922e+00
5.008915901184082031e+00
5.819733142852783203e+00
4.263812541961669922e+00
4.874999046325683594e+00
5.123670578002929688e+00
