6.516096496582031250e+01
5.874986267089843750e+01
6.039866256713867188e+01
4.319210052490234375e+01
4.975332641601562500e+01
4.384384155273437500e+01
3.086432647705078125e+01
2.631519317626953125e+01
3.022734832763671875e+01
3.579040527343750000e+01
3.708520507812500000e+01
4.148866271972656250e+01
3.880929183959960938e+01
3.577794265747070312e+01
2.896284294128417969e+01
1.969675827026367188e+01
2.548093414306640625e+01
2.147076797485351562e+01
2.605091476440429688e+01
2.677471542358398438e+01
2.760151481628417969e+01
2.483238601684570312e+01
2.736411857604980469e+01
2.063839340209960938e+01
2.532815170288085938e+01
2.504656410217285156e+01
2.338153076171875000e+01
1.723365402221679688e+01
2.839535331726074219e+01
2.077495956420898438e+01
1.756750106811523438e+01
2.660411453247070312e+01
3.047622108459472656e+01
2.106710433959960938e+01
2.140154457092285156e+01
2.182219696044921875e+01
1.994359207153320312e+01
1.805118942260742188e+01
2.504965400695800781e+01
1.937280464172363281e+01
2.725177001953125000e+01
2.036441612243652344e+01
1.849260711669921875e+01
2.361812591552734375e+01
1.754716110229492188e+01
2.005610656738281250e+01
2.681075286865234375e+01
2.026078605651855469e+01
2.006143188476562500e+01
2.282117462158203125e+01
2.159922027587890625e+01
1.728985595703125000e+01
2.150606346130371094e+01
1.748699569702148438e+01
1.779364204406738281e+01
1.931455421447753906e+01
1.607003021240234375e+01
1.644069290161132812e+01
2.161790657043457031e+01
1.612361526489257812e+01
1.596758460998535156e+01
1.566479396820068359e+01
1.686352539062500000e+01
1.950330734252929688e+01
1.750853347778320312e+01
1.543825912475585938e+01
1.395019721984863281e+01
1.742572975158691406e+01
2.084130477905273438e+01
2.252254867553710938e+01
1.545344734191894531e+01
1.556923103332519531e+01
2.131295013427734375e+01
1.551846599578857422e+01
1.564825439453125000e+01
2.102817916870117188e+01
2.128917121887207031e+01
1.663465881347656250e+01
2.268524551391601562e+01
2.073859024047851562e+01
2.062915229797363281e+01
1.883597564697265625e+01
1.811649703979492188e+01
1.841006088256835938e+01
1.640505218505859375e+01
1.944284820556640625e+01
2.261700820922851562e+01
1.819822311401367188e+01
1.718539810180664062e+01
1.861968040466308594e+01
1.789919662475585938e+01
1.791787147521972656e+01
1.496560955047607422e+01
1.572554206848144531e+01
2.021618270874023438e+01
1.702546691894531250e+01
1.735331344604492188e+01
1.902109909057617188e+01
2.232993698120117188e+01
1.598841285705566406e+01
1.944852066040039062e+01
1.970753288269042969e+01
1.564695262908935547e+01
1.600297737121582031e+01
1.722243690490722656e+01
1.693264389038085938e+01
2.216431045532226562e+01
1.911212730407714844e+01
1.734470748901367188e+01
1.713021278381347656e+01
1.703417587280273438e+01
2.104915809631347656e+01
1.770758438110351562e+01
1.636295890808105469e+01
1.536254024505615234e+01
1.562095355987548828e+01
2.010791778564453125e+01
1.552858924865722656e+01
1.247560501098632812e+01
1.528252792358398438e+01
1.725482559204101562e+01
1.565495967864990234e+01
1.971068572998046875e+01
2.057181358337402344e+01
1.597738456726074219e+01
1.531735801696777344e+01
2.104579925537109375e+01
2.088648223876953125e+01
1.560656166076660156e+01
1.976531982421875000e+01
1.869288825988769531e+01
1.910103416442871094e+01
1.911341094970703125e+01
1.999362564086914062e+01
2.098813056945800781e+01
1.608393287658691406e+01
1.547555160522460938e+01
1.500527286529541016e+01
1.695657157897949219e+01
1.608927345275878906e+01
1.569387531280517578e+01
1.267206382751464844e+01
1.585992908477783203e+01
1.507376480102539062e+01
1.670968627929687500e+01
1.689261245727539062e+01
1.705606460571289062e+01
1.865631484985351562e+01
1.931932258605957031e+01
1.796917724609375000e+01
1.640528488159179688e+01
1.622594070434570312e+01
1.520279502868652344e+01
2.136473846435546875e+01
1.701921844482421875e+01
1.907514190673828125e+01
1.523369216918945312e+01
1.713387680053710938e+01
1.624585723876953125e+01
1.402928066253662109e+01
1.895672225952148438e+01
1.378188419342041016e+01
1.672584915161132812e+01
1.818379020690917969e+01
1.777831268310546875e+01
1.909975433349609375e+01
1.504271793365478516e+01
1.473522377014160156e+01
1.822910308837890625e+01
1.824834251403808594e+01
1.796618270874023438e+01
1.568919849395751953e+01
1.455949497222900391e+01
1.765747070312500000e+01
1.733383941650390625e+01
1.577250671386718750e+01
2.073138427734375000e+01
1.644365119934082031e+01
1.514558982849121094e+01
1.909490203857421875e+01
1.697013473510742188e+01
1.682611274719238281e+01
2.066630935668945312e+01
2.108200073242187500e+01
2.395954132080078125e+01
1.973905181884765625e+01
2.020996856689453125e+01
2.639645385742187500e+01
1.676134109497070312e+01
2.101205825805664062e+01
1.990838623046875000e+01
1.704787635803222656e+01
1.616593742370605469e+01
2.269167137145996094e+01
2.055698394775390625e+01
1.859093856811523438e+01
2.166042900085449219e+01
1.596400451660156250e+01
2.117729949951171875e+01
1.347301959991455078e+01
2.197764778137207031e+01
1.680550003051757812e+01
2.020619773864746094e+01
2.014985275268554688e+01
1.657651138305664062e+01
2.437436676025390625e+01
1.765019416809082031e+01
2.016200256347656250e+01
1.596368122100830078e+01
1.401761913299560547e+01
1.676259422302246094e+01
1.865054702758789062e+01
1.530255222320556641e+01
1.552948951721191406e+01
1.792529869079589844e+01
1.693756675720214844e+01
1.564187431335449219e+01
1.538460540771484375e+01
1.710190200805664062e+01
1.649462509155273438e+01
1.639317321777343750e+01
1.654497528076171875e+01
1.423980522155761719e+01
1.513738250732421875e+01
2.210129547119140625e+01
1.756207656860351562e+01
1.657037544250488281e+01
1.469801425933837891e+01
1.730785369873046875e+01
1.781319808959960938e+01
1.773104095458984375e+01
1.826761436462402344e+01
1.458905887603759766e+01
1.647852134704589844e+01
2.045813751220703125e+01
1.725553894042968750e+01
2.095304489135742188e+01
2.296074676513671875e+01
1.330161952972412109e+01
1.500697898864746094e+01
1.870153045654296875e+01
2.008469009399414062e+01
1.770519828796386719e+01
1.872529029846191406e+01
1.532194709777832031e+01
1.997732162475585938e+01
1.438596534729003906e+01
1.826132583618164062e+01
2.320478439331054688e+01
2.008050727844238281e+01
1.720888519287109375e+01
1.609232711791992188e+01
2.326702499389648438e+01
1.799164199829101562e+01
1.975046348571777344e+01
1.700333976745605469e+01
1.466991233825683594e+01
2.041319274902343750e+01
1.727580261230468750e+01
2.051918601989746094e+01
1.980366897583007812e+01
1.868899536132812500e+01
1.902546119689941406e+01
1.947042465209960938e+01
2.383309745788574219e+01
2.260504913330078125e+01
1.720829010009765625e+01
1.693350601196289062e+01
1.920918083190917969e+01
1.736549758911132812e+01
1.745064926147460938e+01
1.814422416687011719e+01
1.655837249755859375e+01
1.488509178161621094e+01
1.478808021545410156e+01
1.843370437622070312e+01
1.873548889160156250e+01
1.319281387329101562e+01
1.671067810058593750e+01
1.877721023559570312e+01
1.491579246520996094e+01
1.759179687500000000e+01
2.024113655090332031e+01
2.023835372924804688e+01
1.634095001220703125e+01
1.972772026062011719e+01
1.724114990234375000e+01
2.029318428039550781e+01
1.833806037902832031e+01
1.298695278167724609e+01
1.835458564758300781e+01
1.590085029602050781e+01
2.014803314208984375e+01
1.637767791748046875e+01
1.752775192260742188e+01
1.664126968383789062e+01
1.705671691894531250e+01
1.732772064208984375e+01
1.398201370239257812e+01
1.692602157592773438e+01
1.788446044921875000e+01
2.040666007995605469e+01
1.897622680664062500e+01
2.218100547790527344e+01
2.016302490234375000e+01
2.161239242553710938e+01
1.648297500610351562e+01
2.125333786010742188e+01
1.793053817749023438e+01
2.144758796691894531e+01
1.901012802124023438e+01
1.778079223632812500e+01
1.872707366943359375e+01
1.907189559936523438e+01
2.172912979125976562e+01
2.055402755737304688e+01
1.978755760192871094e+01
1.697562026977539062e+01
1.755786895751953125e+01
1.734386444091796875e+01
1.925870323181152344e+01
1.540100193023681641e+01
1.929359054565429688e+01
1.724486541748046875e+01
1.496703720092773438e+01
1.744261360168457031e+01
1.556928253173828125e+01
1.186781406402587891e+01
1.461018085479736328e+01
1.596901226043701172e+01
1.871944046020507812e+01
1.621553230285644531e+01
1.491230583190917969e+01
1.742116546630859375e+01
1.960513305664062500e+01
1.846873474121093750e+01
1.391209316253662109e+01
2.360882949829101562e+01
1.904755020141601562e+01
1.820425987243652344e+01
1.852630615234375000e+01
1.768167686462402344e+01
2.562835502624511719e+01
2.017768287658691406e+01
1.693107223510742188e+01
2.397527885437011719e+01
2.064950561523437500e+01
1.730444335937500000e+01
1.901678466796875000e+01
1.913048553466796875e+01
1.868774032592773438e+01
2.043251800537109375e+01
1.510429000854492188e+01
1.959217453002929688e+01
1.654129600524902344e+01
1.636499977111816406e+01
1.809537696838378906e+01
2.126239013671875000e+01
1.560589885711669922e+01
1.601664924621582031e+01
1.420476722717285156e+01
1.615226364135742188e+01
1.540413665771484375e+01
1.660017776489257812e+01
1.938344192504882812e+01
1.894572830200195312e+01
1.613161087036132812e+01
1.645296859741210938e+01
1.287590694427490234e+01
1.793016815185546875e+01
1.541430854797363281e+01
1.904296493530273438e+01
1.720567893981933594e+01
1.870528221130371094e+01
1.413237190246582031e+01
1.868437576293945312e+01
1.429873657226562500e+01
1.873222351074218750e+01
1.501961803436279297e+01
1.655883026123046875e+01
1.510519695281982422e+01
1.666153717041015625e+01
2.109809112548828125e+01
2.567676544189453125e+01
2.374429321289062500e+01
1.496246147155761719e+01
1.840676116943359375e+01
1.838592529296875000e+01
1.490202522277832031e+01
2.019125366210937500e+01
2.250652694702148438e+01
1.510292911529541016e+01
1.571507263183593750e+01
1.594614219665527344e+01
1.549027442932128906e+01
1.561224937438964844e+01
1.594351005554199219e+01
1.286944580078125000e+01
1.501016807556152344e+01
1.502031517028808594e+01
1.988920021057128906e+01
1.660616874694824219e+01
1.352528190612792969e+01
1.887567901611328125e+01
1.836704254150390625e+01
1.590152263641357422e+01
2.044342803955078125e+01
1.743209838867187500e+01
1.965377044677734375e+01
1.537201976776123047e+01
1.781776809692382812e+01
2.101244354248046875e+01
1.733285903930664062e+01
2.025514221191406250e+01
2.065581893920898438e+01
2.121038627624511719e+01
1.856715393066406250e+01
2.237961196899414062e+01
1.788816452026367188e+01
1.517034530639648438e+01
1.814740562438964844e+01
1.719476699829101562e+01
1.958374023437500000e+01
2.182255554199218750e+01
1.711240959167480469e+01
1.691143608093261719e+01
1.801225280761718750e+01
1.679441070556640625e+01
2.011586761474609375e+01
2.089279174804687500e+01
1.522427272796630859e+01
1.644038772583007812e+01
1.591725826263427734e+01
1.594386482238769531e+01
1.397206401824951172e+01
1.876413536071777344e+01
1.630807495117187500e+01
2.203436279296875000e+01
1.960353279113769531e+01
1.912773895263671875e+01
2.161657142639160156e+01
1.645044708251953125e+01
1.610303306579589844e+01
1.897669219970703125e+01
1.946010589599609375e+01
2.021682357788085938e+01
1.587448120117187500e+01
1.904770278930664062e+01
1.873128509521484375e+01
1.699759292602539062e+01
1.556577968597412109e+01
1.759720230102539062e+01
2.195810127258300781e+01
1.552569198608398438e+01
1.965019989013671875e+01
1.520842742919921875e+01
1.992675018310546875e+01
1.676754951477050781e+01
1.495116138458251953e+01
1.762606811523437500e+01
2.083400344848632812e+01
1.593255519866943359e+01
1.966264343261718750e+01
1.670814895629882812e+01
2.360392570495605469e+01
2.145885086059570312e+01
1.716253089904785156e+01
2.028609657287597656e+01
2.071829223632812500e+01
2.074707221984863281e+01
2.399908828735351562e+01
1.832132720947265625e+01
1.739245986938476562e+01
2.105247497558593750e+01
1.948092842102050781e+01
1.884263610839843750e+01
1.510331916809082031e+01
1.563874816894531250e+01
1.880468750000000000e+01
1.874980163574218750e+01
1.336746025085449219e+01
1.721892547607421875e+01
2.053149795532226562e+01
1.969193458557128906e+01
1.842574501037597656e+01
1.704671096801757812e+01
2.017473793029785156e+01
1.782960510253906250e+01
2.170586204528808594e+01
1.529984474182128906e+01
2.029609680175781250e+01
1.634851074218750000e+01
2.022139739990234375e+01
1.840455818176269531e+01
1.899527359008789062e+01
1.808625411987304688e+01
1.702606964111328125e+01
1.806626129150390625e+01
1.770560836791992188e+01
1.744711494445800781e+01
2.121083068847656250e+01
1.778209495544433594e+01
1.859246444702148438e+01
2.389577484130859375e+01
2.233063316345214844e+01
2.380770874023437500e+01
2.254416275024414062e+01
1.919023704528808594e+01
2.045407485961914062e+01
2.235710144042968750e+01
1.613323974609375000e+01
1.651075553894042969e+01
1.863141822814941406e+01
2.029108047485351562e+01
1.781879615783691406e+01
2.191039657592773438e+01
2.161020660400390625e+01
2.295416259765625000e+01
2.243771743774414062e+01
2.075865173339843750e+01
1.866310501098632812e+01
1.518730735778808594e+01
1.488757419586181641e+01
2.007325935363769531e+01
1.615990066528320312e+01
2.342928695678710938e+01
1.578564929962158203e+01
2.172939682006835938e+01
1.787646865844726562e+01
1.834164810180664062e+01
2.110389709472656250e+01
1.718373489379882812e+01
2.241711044311523438e+01
1.544611358642578125e+01
1.562322998046875000e+01
2.104010581970214844e+01
1.485885238647460938e+01
2.464281463623046875e+01
2.029315567016601562e+01
2.034936523437500000e+01
1.880716323852539062e+01
1.782561874389648438e+01
1.684494209289550781e+01
2.771956443786621094e+01
1.876993560791015625e+01
1.536380767822265625e+01
1.890522766113281250e+01
1.609488677978515625e+01
2.221617317199707031e+01
1.714358711242675781e+01
1.876765060424804688e+01
1.794035720825195312e+01
1.249048995971679688e+01
1.811871337890625000e+01
1.791168785095214844e+01
1.983273506164550781e+01
1.807266807556152344e+01
2.171266555786132812e+01
2.135877227783203125e+01
1.837321090698242188e+01
2.099049186706542969e+01
2.433255004882812500e+01
2.119130706787109375e+01
2.313183212280273438e+01
1.994508171081542969e+01
1.922734260559082031e+01
2.164436721801757812e+01
1.945687103271484375e+01
1.928022766113281250e+01
1.605212783813476562e+01
2.178809738159179688e+01
1.829647445678710938e+01
2.071699333190917969e+01
1.620298004150390625e+01
1.662651824951171875e+01
1.662532615661621094e+01
2.273253631591796875e+01
2.104971504211425781e+01
1.829123687744140625e+01
1.917079162597656250e+01
1.952207946777343750e+01
1.928368377685546875e+01
2.357694625854492188e+01
2.030284118652343750e+01
1.815057754516601562e+01
1.675275230407714844e+01
2.067994308471679688e+01
1.987638092041015625e+01
1.975652885437011719e+01
1.581255531311035156e+01
2.418402862548828125e+01
1.755220794677734375e+01
1.894744873046875000e+01
1.849399948120117188e+01
1.780979347229003906e+01
2.097390556335449219e+01
1.943207740783691406e+01
1.935421752929687500e+01
2.008026504516601562e+01
1.663244247436523438e+01
1.729485130310058594e+01
1.928587913513183594e+01
1.864839553833007812e+01
1.713639259338378906e+01
1.876679611206054688e+01
1.732944679260253906e+01
1.935328292846679688e+01
1.650952911376953125e+01
2.230374145507812500e+01
1.645761108398437500e+01
2.184516143798828125e+01
1.976484680175781250e+01
1.985554504394531250e+01
2.002513504028320312e+01
2.055477142333984375e+01
1.927626419067382812e+01
2.123954391479492188e+01
1.925236701965332031e+01
2.366150474548339844e+01
1.956498527526855469e+01
1.930889129638671875e+01
1.962272644042968750e+01
1.978521347045898438e+01
2.014613342285156250e+01
1.750473785400390625e+01
2.011603736877441406e+01
2.071003341674804688e+01
2.083429336547851562e+01
2.006086349487304688e+01
2.279372406005859375e+01
1.616632461547851562e+01
2.263186264038085938e+01
2.110050964355468750e+01
1.875899505615234375e+01
2.159186363220214844e+01
1.764236068725585938e+01
2.099008941650390625e+01
1.963997268676757812e+01
1.735014915466308594e+01
1.763358688354492188e+01
1.827825546264648438e+01
2.654637908935546875e+01
2.066976547241210938e+01
2.063221359252929688e+01
2.374159240722656250e+01
1.818431663513183594e+01
2.500171279907226562e+01
2.294362449645996094e+01
2.071924209594726562e+01
2.122134971618652344e+01
2.045353507995605469e+01
2.376981735229492188e+01
2.277135848999023438e+01
1.891361618041992188e+01
2.251832962036132812e+01
1.790008163452148438e+01
2.030250930786132812e+01
1.847185897827148438e+01
2.226457977294921875e+01
1.658495330810546875e+01
1.585891819000244141e+01
1.708713912963867188e+01
2.039617156982421875e+01
1.781377601623535156e+01
1.825321197509765625e+01
1.976538658142089844e+01
1.748525810241699219e+01
1.845718574523925781e+01
1.988495254516601562e+01
1.725646209716796875e+01
2.013570404052734375e+01
2.393666839599609375e+01
2.097858238220214844e+01
1.753569602966308594e+01
2.202214050292968750e+01
1.756794166564941406e+01
1.539138221740722656e+01
2.473931312561035156e+01
1.873875617980957031e+01
1.972760009765625000e+01
1.628726577758789062e+01
1.847300338745117188e+01
2.444639205932617188e+01
1.522280597686767578e+01
1.830122375488281250e+01
1.861298370361328125e+01
2.403886413574218750e+01
1.967899513244628906e+01
2.232058143615722656e+01
2.356817626953125000e+01
2.412759017944335938e+01
1.976816368103027344e+01
1.843200874328613281e+01
2.690476036071777344e+01
2.499205398559570312e+01
2.304988098144531250e+01
2.276779174804687500e+01
2.361568260192871094e+01
1.979692077636718750e+01
2.320585632324218750e+01
1.901436805725097656e+01
2.059134674072265625e+01
1.879877090454101562e+01
2.135510635375976562e+01
2.170635986328125000e+01
1.975957679748535156e+01
1.742244720458984375e+01
1.941672515869140625e+01
2.288650894165039062e+01
1.761389160156250000e+01
1.632306480407714844e+01
1.655932807922363281e+01
1.871209716796875000e+01
1.819094085693359375e+01
2.270940399169921875e+01
1.795231628417968750e+01
1.878890800476074219e+01
1.947188186645507812e+01
1.949428558349609375e+01
2.204758834838867188e+01
2.106951522827148438e+01
1.791113471984863281e+01
2.022964859008789062e+01
2.579373741149902344e+01
1.691930007934570312e+01
2.314180183410644531e+01
1.907930755615234375e+01
2.080323028564453125e+01
1.907301139831542969e+01
2.293057632446289062e+01
1.898049163818359375e+01
2.582554435729980469e+01
2.161076545715332031e+01
2.019252204895019531e+01
2.447148513793945312e+01
2.514817810058593750e+01
2.181572532653808594e+01
2.194116973876953125e+01
1.949519729614257812e+01
2.207513046264648438e+01
1.700238037109375000e+01
1.505878829956054688e+01
2.182359695434570312e+01
1.662395477294921875e+01
2.225813293457031250e+01
1.810338783264160156e+01
1.712298202514648438e+01
2.642910957336425781e+01
2.037769889831542969e+01
1.811645126342773438e+01
2.174840354919433594e+01
2.007225799560546875e+01
2.310532760620117188e+01
2.415921783447265625e+01
1.915166664123535156e+01
1.920852088928222656e+01
2.097666740417480469e+01
1.710835075378417969e+01
2.125155830383300781e+01
2.090255355834960938e+01
1.965592956542968750e+01
2.394925308227539062e+01
2.240616035461425781e+01
2.305360031127929688e+01
2.238874816894531250e+01
2.386657714843750000e+01
2.114360046386718750e+01
2.374818611145019531e+01
1.596430587768554688e+01
1.932756042480468750e+01
1.725861740112304688e+01
1.745213508605957031e+01
1.850169563293457031e+01
1.745129966735839844e+01
1.790399551391601562e+01
1.661194229125976562e+01
1.858064079284667969e+01
1.819696998596191406e+01
2.016361236572265625e+01
2.020592117309570312e+01
2.117704010009765625e+01
2.250690078735351562e+01
1.978879928588867188e+01
2.233365249633789062e+01
1.606201934814453125e+01
1.711527824401855469e+01
1.755423736572265625e+01
2.027707481384277344e+01
2.200983428955078125e+01
1.976692008972167969e+01
1.755701828002929688e+01
1.515794658660888672e+01
1.337995719909667969e+01
1.979514312744140625e+01
2.141136932373046875e+01
2.329262924194335938e+01
1.978451347351074219e+01
1.653034400939941406e+01
2.152685928344726562e+01
1.939159965515136719e+01
1.992800521850585938e+01
2.254420280456542969e+01
1.821225357055664062e+01
1.957581520080566406e+01
2.211676025390625000e+01
1.571909141540527344e+01
1.876681900024414062e+01
1.815377616882324219e+01
2.377677917480468750e+01
1.916253471374511719e+01
2.022157096862792969e+01
1.453746604919433594e+01
2.082444000244140625e+01
2.165695571899414062e+01
2.090831756591796875e+01
1.582525825500488281e+01
1.880446624755859375e+01
1.993419647216796875e+01
1.857059097290039062e+01
1.414810562133789062e+01
1.847187042236328125e+01
1.984322357177734375e+01
1.958761978149414062e+01
1.623590850830078125e+01
1.766696739196777344e+01
2.089598464965820312e+01
1.862013053894042969e+01
1.789887619018554688e+01
2.290570831298828125e+01
1.929714584350585938e+01
2.075827026367187500e+01
1.939406585693359375e+01
2.073152160644531250e+01
1.752877807617187500e+01
1.835963821411132812e+01
1.637274932861328125e+01
1.759653282165527344e+01
2.000483131408691406e+01
2.339896202087402344e+01
2.292325401306152344e+01
2.169432258605957031e+01
1.973947143554687500e+01
2.097900009155273438e+01
2.118808746337890625e+01
2.379519462585449219e+01
1.656903266906738281e+01
2.285026741027832031e+01
1.859833145141601562e+01
1.680778884887695312e+01
1.794536590576171875e+01
1.926731491088867188e+01
1.878734970092773438e+01
1.831211853027343750e+01
1.816691207885742188e+01
1.887269592285156250e+01
2.013534355163574219e+01
1.907206916809082031e+01
1.661489677429199219e+01
2.024674034118652344e+01
1.801282691955566406e+01
2.341761016845703125e+01
2.155919647216796875e+01
1.741547775268554688e+01
1.599615478515625000e+01
2.182610893249511719e+01
2.101777648925781250e+01
1.994607925415039062e+01
2.433793830871582031e+01
2.221873474121093750e+01
1.993258285522460938e+01
1.672516059875488281e+01
2.039407730102539062e+01
1.957488250732421875e+01
1.518171787261962891e+01
2.090507125854492188e+01
1.658845138549804688e+01
2.438949775695800781e+01
2.043925666809082031e+01
2.199153900146484375e+01
2.195925712585449219e+01
2.303751564025878906e+01
1.627185058593750000e+01
2.222423171997070312e+01
2.023331451416015625e+01
2.200019454956054688e+01
1.836267089843750000e+01
1.946772384643554688e+01
1.766276931762695312e+01
1.885199928283691406e+01
2.076386833190917969e+01
1.736196136474609375e+01
1.828173255920410156e+01
1.951427459716796875e+01
2.141070175170898438e+01
1.708445930480957031e+01
1.927710342407226562e+01
1.907662963867187500e+01
1.870708847045898438e+01
1.756110763549804688e+01
1.996680831909179688e+01
2.285034179687500000e+01
1.417250061035156250e+01
1.868494796752929688e+01
1.860467529296875000e+01
2.121535110473632812e+01
1.929170608520507812e+01
1.928203582763671875e+01
1.985330009460449219e+01
2.489136314392089844e+01
1.867076873779296875e+01
1.955073547363281250e+01
2.212291908264160156e+01
2.110356140136718750e+01
2.038341140747070312e+01
1.351592636108398438e+01
2.206093597412109375e+01
2.210710716247558594e+01
1.909906768798828125e+01
2.115798568725585938e+01
2.049655532836914062e+01
2.155005645751953125e+01
2.682027053833007812e+01
2.298006629943847656e+01
4.348878860473632812e+01
1.103255920410156250e+02
3.577511596679687500e+01
3.159263610839843750e+01
2.881763458251953125e+01
3.415941619873046875e+01
3.405757522583007812e+01
3.052307891845703125e+01
1.856357574462890625e+01
1.818028831481933594e+01
2.064586639404296875e+01
2.026747512817382812e+01
1.502276992797851562e+01
2.184044265747070312e+01
2.339401054382324219e+01
1.708571243286132812e+01
2.163474273681640625e+01
2.666561508178710938e+01
2.219338607788085938e+01
2.347953033447265625e+01
2.108544158935546875e+01
1.812693405151367188e+01
2.092774963378906250e+01
2.319207382202148438e+01
2.828539657592773438e+01
2.548115158081054688e+01
2.415264320373535156e+01
1.798567199707031250e+01
2.250615692138671875e+01
2.448579025268554688e+01
2.140322685241699219e+01
2.378618240356445312e+01
2.381968688964843750e+01
1.946398162841796875e+01
1.976874542236328125e+01
2.248393630981445312e+01
2.115292930603027344e+01
2.206211853027343750e+01
2.703094100952148438e+01
2.348007202148437500e+01
2.383183288574218750e+01
1.708736228942871094e+01
1.915951156616210938e+01
1.916707420349121094e+01
1.948262023925781250e+01
1.968798828125000000e+01
1.923056221008300781e+01
1.596898078918457031e+01
2.039116287231445312e+01
2.680195617675781250e+01
2.367913627624511719e+01
2.659270858764648438e+01
2.233833694458007812e+01
2.849214744567871094e+01
2.427259063720703125e+01
2.176111602783203125e+01
1.989984893798828125e+01
2.169721984863281250e+01
2.519881439208984375e+01
2.484889602661132812e+01
2.076802825927734375e+01
2.204281234741210938e+01
2.424692153930664062e+01
2.472964859008789062e+01
1.771133995056152344e+01
1.921266365051269531e+01
2.324996566772460938e+01
2.265270233154296875e+01
2.314201545715332031e+01
2.249020957946777344e+01
2.544685745239257812e+01
2.209465408325195312e+01
2.362614822387695312e+01
2.017914581298828125e+01
1.748647308349609375e+01
2.258810424804687500e+01
2.250562286376953125e+01
2.240633392333984375e+01
1.853268432617187500e+01
1.936904144287109375e+01
2.430707168579101562e+01
2.103412246704101562e+01
2.455122566223144531e+01
2.374493026733398438e+01
2.259523391723632812e+01
2.102061080932617188e+01
2.383928298950195312e+01
2.611185264587402344e+01
1.957903671264648438e+01
1.997692489624023438e+01
1.637123870849609375e+01
2.027515029907226562e+01
2.272294235229492188e+01
2.021567726135253906e+01
2.007220458984375000e+01
2.108726882934570312e+01
2.176541137695312500e+01
2.080858993530273438e+01
1.857864189147949219e+01
2.617622756958007812e+01
2.623727607727050781e+01
2.440988540649414062e+01
2.165982437133789062e+01
2.146168518066406250e+01
2.162972259521484375e+01
2.251820373535156250e+01
2.021507453918457031e+01
1.753629112243652344e+01
1.825222396850585938e+01
2.362884902954101562e+01
2.083488273620605469e+01
2.083617973327636719e+01
1.981340026855468750e+01
1.697937202453613281e+01
2.248145484924316406e+01
2.288310432434082031e+01
2.053403282165527344e+01
2.562967300415039062e+01
2.447207450866699219e+01
2.419005584716796875e+01
2.249156951904296875e+01
2.147211837768554688e+01
2.188437652587890625e+01
2.143821907043457031e+01
2.777840614318847656e+01
2.049402618408203125e+01
2.498420333862304688e+01
2.218781280517578125e+01
2.183253479003906250e+01
1.928234863281250000e+01
2.410967636108398438e+01
1.830616378784179688e+01
2.266077423095703125e+01
2.207851791381835938e+01
2.180705833435058594e+01
2.656397628784179688e+01
1.826161193847656250e+01
2.379481124877929688e+01
1.962412071228027344e+01
1.966518020629882812e+01
2.101639938354492188e+01
2.257195091247558594e+01
2.393235015869140625e+01
2.199489021301269531e+01
2.103241539001464844e+01
2.273871994018554688e+01
2.238964080810546875e+01
1.569536876678466797e+01
1.844473266601562500e+01
2.284210205078125000e+01
2.212800598144531250e+01
2.043358612060546875e+01
1.995160675048828125e+01
1.741952896118164062e+01
1.965179443359375000e+01
1.776192855834960938e+01
2.150339508056640625e+01
1.768437957763671875e+01
2.342813873291015625e+01
2.163936042785644531e+01
2.417298507690429688e+01
1.782301521301269531e+01
2.285839843750000000e+01
2.375254821777343750e+01
2.781458663940429688e+01
1.927358627319335938e+01
2.150911331176757812e+01
1.936696434020996094e+01
1.843909645080566406e+01
2.278033065795898438e+01
1.847587585449218750e+01
1.876983070373535156e+01
1.977949142456054688e+01
1.926627540588378906e+01
1.987072181701660156e+01
2.340786552429199219e+01
1.825136566162109375e+01
2.100428199768066406e+01
1.480755996704101562e+01
1.873462295532226562e+01
2.181040382385253906e+01
1.709758758544921875e+01
2.539044189453125000e+01
2.036161041259765625e+01
1.803826904296875000e+01
2.011008453369140625e+01
2.133826828002929688e+01
2.611470413208007812e+01
1.749901580810546875e+01
2.004329681396484375e+01
1.922356796264648438e+01
1.763772583007812500e+01
1.921482658386230469e+01
1.994111251831054688e+01
2.144482994079589844e+01
2.056283187866210938e+01
2.242076110839843750e+01
2.560776138305664062e+01
2.155478286743164062e+01
2.103070831298828125e+01
1.890159606933593750e+01
2.454534912109375000e+01
2.021262931823730469e+01
2.100872421264648438e+01
2.281741333007812500e+01
2.264664077758789062e+01
1.799697494506835938e+01
1.680847549438476562e+01
1.966558456420898438e+01
2.297178268432617188e+01
1.839434051513671875e+01
2.153203201293945312e+01
2.079623794555664062e+01
2.456270599365234375e+01
2.480688476562500000e+01
2.446095275878906250e+01
1.703513336181640625e+01
1.741779136657714844e+01
1.930096244812011719e+01
2.119638824462890625e+01
2.074715423583984375e+01
2.225588798522949219e+01
2.038408279418945312e+01
2.079672431945800781e+01
2.806776809692382812e+01
1.966223907470703125e+01
2.098124313354492188e+01
1.991413116455078125e+01
1.906847190856933594e+01
2.394572830200195312e+01
1.768949127197265625e+01
2.525540161132812500e+01
2.117432022094726562e+01
1.901708221435546875e+01
2.148105239868164062e+01
2.309296417236328125e+01
1.822227668762207031e+01
2.076173019409179688e+01
2.385548973083496094e+01
1.871906280517578125e+01
2.530534362792968750e+01
1.829553604125976562e+01
1.836846160888671875e+01
2.475891113281250000e+01
1.869483757019042969e+01
1.793866348266601562e+01
1.837367248535156250e+01
1.622515296936035156e+01
1.800267028808593750e+01
1.829771423339843750e+01
1.830275344848632812e+01
1.879621315002441406e+01
2.278971672058105469e+01
1.841252899169921875e+01
1.688142967224121094e+01
1.886788368225097656e+01
2.155837249755859375e+01
2.475407791137695312e+01
1.598517417907714844e+01
2.090979385375976562e+01
2.437818908691406250e+01
1.872286605834960938e+01
2.055698776245117188e+01
2.110561180114746094e+01
1.634178543090820312e+01
2.414486312866210938e+01
1.695534896850585938e+01
1.713694572448730469e+01
1.851925849914550781e+01
2.066002464294433594e+01
1.661543273925781250e+01
1.669106674194335938e+01
2.031374549865722656e+01
1.766331481933593750e+01
2.005599212646484375e+01
1.877384948730468750e+01
1.881239700317382812e+01
1.778702926635742188e+01
1.818813323974609375e+01
1.531478977203369141e+01
2.245974540710449219e+01
1.721356201171875000e+01
1.975794601440429688e+01
1.978636169433593750e+01
2.392136573791503906e+01
1.948386383056640625e+01
2.099148368835449219e+01
1.816722869873046875e+01
2.097771835327148438e+01
1.838616371154785156e+01
2.306748199462890625e+01
1.925997734069824219e+01
1.671705436706542969e+01
2.268544006347656250e+01
1.953609466552734375e+01
1.947056007385253906e+01
1.949520111083984375e+01
1.849741744995117188e+01
1.862644004821777344e+01
2.192280960083007812e+01
2.060182189941406250e+01
2.128719329833984375e+01
2.043750190734863281e+01
2.192470169067382812e+01
1.853925704956054688e+01
1.541716575622558594e+01
2.118470764160156250e+01
2.084844779968261719e+01
2.230758476257324219e+01
1.654424285888671875e+01
2.333519744873046875e+01
1.577718448638916016e+01
2.399746322631835938e+01
2.201052856445312500e+01
1.895333290100097656e+01
1.964654159545898438e+01
2.324305343627929688e+01
2.536352157592773438e+01
1.858210945129394531e+01
2.200873374938964844e+01
1.759995269775390625e+01
1.996815872192382812e+01
1.696724319458007812e+01
2.231051254272460938e+01
1.997969055175781250e+01
2.346649932861328125e+01
1.972500991821289062e+01
1.908493423461914062e+01
1.871532440185546875e+01
1.874265670776367188e+01
1.751113510131835938e+01
2.237571716308593750e+01
2.150195312500000000e+01
2.633286666870117188e+01
1.670940971374511719e+01
1.804771423339843750e+01
1.846410369873046875e+01
1.554010105133056641e+01
1.959427833557128906e+01
1.929863548278808594e+01
2.011942863464355469e+01
1.757851791381835938e+01
1.615188598632812500e+01
2.142503356933593750e+01
2.175312042236328125e+01
1.977889251708984375e+01
2.123878479003906250e+01
1.904063034057617188e+01
2.709732627868652344e+01
1.674419212341308594e+01
1.938226509094238281e+01
1.971697235107421875e+01
1.781572151184082031e+01
2.199559593200683594e+01
2.200477027893066406e+01
2.062965011596679688e+01
1.939790725708007812e+01
1.283973121643066406e+01
1.610326385498046875e+01
2.206147384643554688e+01
1.808333015441894531e+01
2.598338317871093750e+01
2.154359436035156250e+01
2.030980682373046875e+01
2.006135368347167969e+01
2.180145835876464844e+01
2.088048553466796875e+01
1.771689224243164062e+01
2.137444305419921875e+01
1.862255859375000000e+01
1.612177276611328125e+01
2.074362754821777344e+01
1.714140129089355469e+01
2.224942016601562500e+01
1.683901786804199219e+01
2.038890647888183594e+01
2.175990867614746094e+01
2.354970169067382812e+01
2.346356582641601562e+01
2.010455131530761719e+01
1.660258102416992188e+01
2.279448318481445312e+01
1.955534172058105469e+01
1.923833847045898438e+01
1.946117019653320312e+01
1.869525146484375000e+01
2.684248924255371094e+01
1.909782600402832031e+01
2.671295356750488281e+01
2.210379409790039062e+01
2.168754959106445312e+01
2.295768356323242188e+01
2.395967102050781250e+01
2.146634101867675781e+01
1.971723365783691406e+01
2.065929222106933594e+01
2.470512771606445312e+01
2.182737159729003906e+01
1.581718826293945312e+01
1.563440418243408203e+01
1.871776962280273438e+01
2.474690818786621094e+01
1.845356750488281250e+01
2.025327682495117188e+01
2.080291175842285156e+01
1.875816154479980469e+01
2.515218734741210938e+01
2.121317100524902344e+01
1.881113052368164062e+01
1.923870468139648438e+01
2.038986968994140625e+01
2.641495513916015625e+01
1.939153289794921875e+01
1.900960922241210938e+01
2.047189331054687500e+01
2.045270538330078125e+01
1.785106277465820312e+01
2.383752632141113281e+01
1.754780960083007812e+01
1.789951515197753906e+01
2.215282440185546875e+01
2.261513519287109375e+01
1.987154769897460938e+01
2.253425979614257812e+01
2.315717315673828125e+01
2.123064804077148438e+01
1.606903266906738281e+01
1.643353271484375000e+01
1.740323638916015625e+01
2.072100067138671875e+01
1.831447219848632812e+01
2.128450012207031250e+01
1.769081878662109375e+01
1.964777565002441406e+01
2.275558280944824219e+01
1.988710784912109375e+01
2.034521865844726562e+01
2.062171363830566406e+01
2.317116928100585938e+01
1.928156089782714844e+01
2.077127838134765625e+01
1.788465690612792969e+01
1.756182098388671875e+01
1.945762634277343750e+01
2.325626373291015625e+01
2.099631881713867188e+01
1.838040542602539062e+01
2.026290893554687500e+01
1.761476516723632812e+01
1.905219078063964844e+01
1.867941474914550781e+01
1.637290382385253906e+01
2.639357376098632812e+01
1.743161392211914062e+01
2.303745269775390625e+01
2.601039123535156250e+01
1.863653564453125000e+01
2.588476562500000000e+01
1.793568229675292969e+01
2.155915832519531250e+01
2.145269012451171875e+01
2.070874786376953125e+01
2.394725608825683594e+01
1.423655891418457031e+01
1.757235527038574219e+01
2.050134658813476562e+01
2.169985008239746094e+01
1.801719474792480469e+01
1.873409271240234375e+01
1.551529884338378906e+01
2.283584213256835938e+01
1.813795089721679688e+01
1.974845886230468750e+01
2.195693778991699219e+01
2.422947692871093750e+01
2.296558380126953125e+01
1.799144554138183594e+01
2.247940063476562500e+01
1.764562606811523438e+01
1.751477050781250000e+01
1.678350067138671875e+01
1.875293540954589844e+01
2.086938095092773438e+01
1.985020828247070312e+01
2.396878051757812500e+01
1.755482292175292969e+01
2.216703033447265625e+01
1.911371040344238281e+01
2.186803054809570312e+01
1.945866203308105469e+01
1.793140792846679688e+01
2.129043960571289062e+01
2.066152572631835938e+01
1.755730056762695312e+01
2.309219360351562500e+01
2.158772659301757812e+01
1.991985321044921875e+01
2.000348663330078125e+01
1.972789382934570312e+01
2.257828140258789062e+01
1.459060764312744141e+01
1.677424430847167969e+01
1.884886550903320312e+01
1.897793197631835938e+01
2.269813346862792969e+01
2.124908256530761719e+01
2.145611190795898438e+01
1.588276672363281250e+01
2.108646774291992188e+01
2.282181739807128906e+01
2.547663879394531250e+01
1.890057373046875000e+01
2.375048065185546875e+01
2.025441551208496094e+01
2.071175765991210938e+01
1.927167510986328125e+01
1.589935207366943359e+01
2.110576248168945312e+01
2.311684799194335938e+01
2.071489715576171875e+01
1.727702903747558594e+01
2.082287597656250000e+01
1.983303451538085938e+01
2.055053710937500000e+01
2.241309356689453125e+01
2.106285095214843750e+01
1.257565689086914062e+01
2.558413696289062500e+01
1.985834121704101562e+01
1.848013496398925781e+01
1.776684188842773438e+01
1.980777740478515625e+01
1.948497772216796875e+01
1.809910202026367188e+01
1.775298500061035156e+01
1.814173889160156250e+01
1.499880218505859375e+01
1.654843902587890625e+01
1.868525314331054688e+01
1.915020561218261719e+01
1.375531387329101562e+01
2.109800720214843750e+01
2.083771705627441406e+01
1.698110389709472656e+01
2.202424621582031250e+01
1.706739807128906250e+01
1.954205322265625000e+01
2.443575668334960938e+01
2.343534469604492188e+01
1.021587524414062500e+02
7.372894287109375000e+01
8.207228851318359375e+01
6.827053833007812500e+01
4.092744445800781250e+01
2.499233436584472656e+01
2.621389007568359375e+01
3.169093704223632812e+01
3.155003356933593750e+01
2.530790328979492188e+01
2.400184631347656250e+01
2.811522674560546875e+01
2.164132690429687500e+01
2.377781867980957031e+01
2.395296478271484375e+01
1.912413787841796875e+01
2.008059883117675781e+01
1.756325149536132812e+01
2.064971923828125000e+01
1.901897811889648438e+01
1.685400199890136719e+01
2.340526771545410156e+01
2.794283866882324219e+01
1.849515914916992188e+01
1.847132110595703125e+01
2.524551391601562500e+01
2.821991729736328125e+01
2.763598632812500000e+01
2.308153152465820312e+01
2.621614074707031250e+01
2.708338356018066406e+01
1.988284683227539062e+01
3.152970504760742188e+01
2.473855400085449219e+01
3.067691040039062500e+01
2.017743492126464844e+01
2.098532676696777344e+01
2.469574356079101562e+01
2.506906509399414062e+01
2.030121231079101562e+01
1.904642677307128906e+01
2.111768341064453125e+01
2.262311935424804688e+01
1.872924423217773438e+01
1.448700904846191406e+01
2.251589202880859375e+01
1.498621082305908203e+01
1.771066474914550781e+01
1.668862533569335938e+01
1.810873031616210938e+01
2.060024261474609375e+01
1.891804313659667969e+01
2.147612953186035156e+01
1.947196960449218750e+01
2.248037528991699219e+01
1.858763885498046875e+01
2.198569297790527344e+01
2.319079399108886719e+01
2.335310935974121094e+01
2.347378921508789062e+01
2.214446258544921875e+01
2.316427230834960938e+01
2.900131607055664062e+01
1.980271339416503906e+01
2.495702743530273438e+01
2.095983886718750000e+01
1.725107765197753906e+01
2.182145309448242188e+01
2.384706306457519531e+01
1.965708923339843750e+01
2.086820983886718750e+01
1.855702972412109375e+01
1.872189712524414062e+01
1.808943557739257812e+01
2.113674736022949219e+01
1.830667686462402344e+01
1.914244651794433594e+01
2.545809936523437500e+01
2.759634780883789062e+01
2.189149856567382812e+01
1.867254257202148438e+01
1.777054595947265625e+01
2.218300437927246094e+01
1.784327697753906250e+01
2.557388114929199219e+01
2.010495185852050781e+01
1.657231330871582031e+01
1.846815490722656250e+01
2.254162216186523438e+01
2.052028656005859375e+01
1.988069343566894531e+01
2.243986320495605469e+01
1.884074783325195312e+01
2.387047958374023438e+01
2.291114997863769531e+01
2.077380752563476562e+01
1.692474746704101562e+01
2.372800064086914062e+01
2.567257118225097656e+01
2.354175376892089844e+01
2.370822525024414062e+01
1.876902198791503906e+01
2.419435882568359375e+01
2.452006912231445312e+01
2.096205520629882812e+01
2.364155197143554688e+01
1.935451126098632812e+01
1.857075119018554688e+01
2.153125381469726562e+01
2.562794303894042969e+01
1.969901657104492188e+01
1.644048500061035156e+01
2.292866134643554688e+01
2.000497055053710938e+01
1.893934822082519531e+01
2.145369338989257812e+01
2.159572219848632812e+01
1.903887748718261719e+01
2.016175842285156250e+01
1.792499732971191406e+01
2.563135910034179688e+01
2.279468536376953125e+01
1.985546112060546875e+01
1.791292572021484375e+01
1.995629119873046875e+01
2.438523101806640625e+01
1.946010971069335938e+01
1.906797790527343750e+01
1.833234977722167969e+01
1.847126007080078125e+01
1.541522789001464844e+01
1.901922416687011719e+01
1.922009658813476562e+01
1.997699546813964844e+01
2.293015670776367188e+01
2.529673385620117188e+01
2.059947204589843750e+01
2.125423431396484375e+01
1.946480178833007812e+01
2.371706008911132812e+01
1.744462776184082031e+01
1.847520637512207031e+01
1.904069519042968750e+01
2.118715286254882812e+01
1.309116458892822266e+01
1.776301574707031250e+01
2.031702041625976562e+01
2.213671112060546875e+01
1.836929702758789062e+01
2.240960311889648438e+01
1.440087223052978516e+01
1.784571075439453125e+01
1.866487121582031250e+01
2.784644317626953125e+01
1.635119438171386719e+01
2.255821990966796875e+01
1.609320068359375000e+01
2.467666625976562500e+01
1.847550201416015625e+01
1.429956722259521484e+01
1.914271354675292969e+01
1.765024566650390625e+01
2.224361038208007812e+01
2.240171623229980469e+01
2.156745338439941406e+01
2.253527069091796875e+01
2.027473640441894531e+01
2.130478286743164062e+01
2.038343048095703125e+01
1.994121932983398438e+01
2.022253417968750000e+01
2.000762939453125000e+01
1.636452102661132812e+01
2.203190803527832031e+01
1.874568939208984375e+01
1.796861076354980469e+01
2.077114105224609375e+01
1.461714553833007812e+01
1.936228942871093750e+01
2.508369827270507812e+01
2.151881408691406250e+01
2.619751739501953125e+01
1.916248703002929688e+01
2.075755691528320312e+01
2.053699874877929688e+01
1.864261245727539062e+01
2.422115707397460938e+01
1.558071041107177734e+01
2.130304145812988281e+01
2.274294281005859375e+01
1.824807929992675781e+01
2.116714859008789062e+01
1.610467147827148438e+01
2.415288734436035156e+01
2.291501998901367188e+01
1.605195999145507812e+01
1.778288078308105469e+01
2.362825775146484375e+01
2.550217628479003906e+01
2.446224784851074219e+01
1.978193664550781250e+01
1.838285827636718750e+01
2.116111373901367188e+01
2.063087463378906250e+01
1.997898674011230469e+01
2.095325088500976562e+01
1.756992721557617188e+01
1.889749908447265625e+01
2.060854339599609375e+01
1.894319152832031250e+01
1.892054748535156250e+01
2.004807853698730469e+01
2.267781066894531250e+01
1.873550987243652344e+01
2.424560546875000000e+01
2.024531936645507812e+01
2.293924522399902344e+01
1.958398056030273438e+01
1.804088973999023438e+01
2.018797683715820312e+01
1.969228363037109375e+01
2.233163452148437500e+01
1.815243530273437500e+01
1.698470115661621094e+01
2.307143020629882812e+01
1.942178535461425781e+01
2.044245147705078125e+01
2.006817436218261719e+01
