6.314638137817382812e+00
7.989622116088867188e+00
8.223506927490234375e+00
7.994972705841064453e+00
7.425292968750000000e+00
8.031745910644531250e+00
6.192389011383056641e+00
5.990357875823974609e+00
5.335289478302001953e+00
6.762119293212890625e+00
7.013341903686523438e+00
5.666109561920166016e+00
4.396903514862060547e+00
6.126299858093261719e+00
4.032571315765380859e+00
3.748406410217285156e+00
3.392049789428710938e+00
3.868259668350219727e+00
2.924021720886230469e+00
3.720159530639648438e+00
3.083745479583740234e+00
3.738947391510009766e+00
3.167575359344482422e+00
2.621305227279663086e+00
2.579386711120605469e+00
2.736960411071777344e+00
2.269913911819458008e+00
2.314647912979125977e+00
2.257425546646118164e+00
2.183543443679809570e+00
2.683645248413085938e+00
2.349970817565917969e+00
2.155274391174316406e+00
2.358868360519409180e+00
2.163779258728027344e+00
1.879358768463134766e+00
2.066515922546386719e+00
1.830383896827697754e+00
1.965282917022705078e+00
1.938034415245056152e+00
1.760198950767517090e+00
1.312797188758850098e+00
1.674472928047180176e+00
1.259837746620178223e+00
1.600268244743347168e+00
1.338043570518493652e+00
1.864084482192993164e+00
1.545859932899475098e+00
1.284728407859802246e+00
1.249564528465270996e+00
1.275913000106811523e+00
1.433457016944885254e+00
1.158689260482788086e+00
1.111750006675720215e+00
1.434662222862243652e+00
1.255501270294189453e+00
1.320684075355529785e+00
8.755750060081481934e-01
1.083677053451538086e+00
1.384515643119812012e+00
1.387903094291687012e+00
1.092149615287780762e+00
1.194596052169799805e+00
1.091041088104248047e+00
1.160696983337402344e+00
1.154776453971862793e+00
1.097981691360473633e+00
8.326159715652465820e-01
9.053192734718322754e-01
1.044633507728576660e+00
7.334118485450744629e-01
9.552317261695861816e-01
8.215569853782653809e-01
8.641768693923950195e-01
9.793850183486938477e-01
9.414104223251342773e-01
7.836982011795043945e-01
9.894886016845703125e-01
1.005085468292236328e+00
9.579800963401794434e-01
9.034584164619445801e-01
8.128327131271362305e-01
6.411610245704650879e-01
1.045931339263916016e+00
1.057307004928588867e+00
9.051921963691711426e-01
8.253009319305419922e-01
8.400452136993408203e-01
8.312367796897888184e-01
1.072060465812683105e+00
7.157360911369323730e-01
8.203335404396057129e-01
8.736729621887207031e-01
7.515016794204711914e-01
1.108150005340576172e+00
9.671537280082702637e-01
8.315540552139282227e-01
8.618972897529602051e-01
6.194365024566650391e-01
8.608499169349670410e-01
6.473167538642883301e-01
6.399610638618469238e-01
6.743356585502624512e-01
8.397540450096130371e-01
9.094341993331909180e-01
6.676657795906066895e-01
9.961754679679870605e-01
6.547254920005798340e-01
6.720433235168457031e-01
6.919108033180236816e-01
7.920357584953308105e-01
7.981716990470886230e-01
7.823061943054199219e-01
8.125340938568115234e-01
7.118229866027832031e-01
8.190163373947143555e-01
7.609527707099914551e-01
8.738259077072143555e-01
8.031961917877197266e-01
6.003749966621398926e-01
6.247947216033935547e-01
8.462450504302978516e-01
7.405952215194702148e-01
9.181826114654541016e-01
6.167153716087341309e-01
8.329859375953674316e-01
7.256684303283691406e-01
5.832066535949707031e-01
6.783853769302368164e-01
5.733042955398559570e-01
5.148008465766906738e-01
6.024179458618164062e-01
5.955074429512023926e-01
6.236376762390136719e-01
7.044156789779663086e-01
8.311123847961425781e-01
6.169795393943786621e-01
8.078202009201049805e-01
6.701127886772155762e-01
8.253174424171447754e-01
5.898532867431640625e-01
8.538606762886047363e-01
8.476048111915588379e-01
6.823300719261169434e-01
7.723951935768127441e-01
6.811773180961608887e-01
8.286696076393127441e-01
7.195657491683959961e-01
5.558257102966308594e-01
4.571972787380218506e-01
8.270664811134338379e-01
5.160936117172241211e-01
6.233766674995422363e-01
6.154826879501342773e-01
8.222244381904602051e-01
8.685961961746215820e-01
6.220908761024475098e-01
5.201046466827392578e-01
6.362251043319702148e-01
7.884723544120788574e-01
6.416882276535034180e-01
5.274361968040466309e-01
4.983392655849456787e-01
5.697093605995178223e-01
6.830503940582275391e-01
6.332155466079711914e-01
6.547462344169616699e-01
6.833458542823791504e-01
7.283066511154174805e-01
6.949558854103088379e-01
6.778692603111267090e-01
6.870472431182861328e-01
5.901072621345520020e-01
4.641757309436798096e-01
6.417288184165954590e-01
7.485578060150146484e-01
5.566267967224121094e-01
6.834684610366821289e-01
5.902237892150878906e-01
7.176433801651000977e-01
7.940252423286437988e-01
5.898394584655761719e-01
6.046741604804992676e-01
7.933148145675659180e-01
6.044089794158935547e-01
6.170246601104736328e-01
5.457086563110351562e-01
4.641759395599365234e-01
6.537343859672546387e-01
5.656554102897644043e-01
5.871806144714355469e-01
8.052629232406616211e-01
3.717894256114959717e-01
4.766997396945953369e-01
5.412889719009399414e-01
6.143144965171813965e-01
6.249258518218994141e-01
6.426029801368713379e-01
5.798582434654235840e-01
7.368978261947631836e-01
