8.527102661132812500e+01
7.293260192871093750e+01
7.699947357177734375e+01
9.626000213623046875e+01
8.723693847656250000e+01
7.718413543701171875e+01
6.926838684082031250e+01
5.773703765869140625e+01
8.403944396972656250e+01
7.631285095214843750e+01
8.921001434326171875e+01
1.005097579956054688e+02
1.431971740722656250e+02
1.113594818115234375e+02
1.273771972656250000e+02
1.303164520263671875e+02
1.186334457397460938e+02
1.541912231445312500e+02
1.278053512573242188e+02
1.279909820556640625e+02
1.116930389404296875e+02
1.121127624511718750e+02
1.184658966064453125e+02
2.082385253906250000e+02
1.075764160156250000e+02
2.345251922607421875e+02
9.956385803222656250e+01
1.224696884155273438e+02
1.748788299560546875e+02
1.159386215209960938e+02
1.121341552734375000e+02
1.138811874389648438e+02
7.576328277587890625e+01
7.117318725585937500e+01
5.012787628173828125e+01
1.433757934570312500e+02
6.644798278808593750e+01
6.565585327148437500e+01
4.202858352661132812e+01
4.017903137207031250e+01
2.844215393066406250e+01
4.507725524902343750e+01
2.613929748535156250e+01
4.518614196777343750e+01
3.616190719604492188e+01
2.741210556030273438e+01
7.009615325927734375e+01
6.192633056640625000e+01
3.517128753662109375e+01
2.689255905151367188e+01
3.023551940917968750e+01
2.811415481567382812e+01
3.797937774658203125e+01
2.371554946899414062e+01
2.464099502563476562e+01
2.627423858642578125e+01
2.572456741333007812e+01
2.144822502136230469e+01
3.286296844482421875e+01
2.231643104553222656e+01
1.902317810058593750e+01
2.697694396972656250e+01
3.180265808105468750e+01
2.282384300231933594e+01
3.600301361083984375e+01
2.348012161254882812e+01
2.076945114135742188e+01
2.199463272094726562e+01
1.924097061157226562e+01
4.154927978515625000e+02
1.660354614257812500e+01
2.499558639526367188e+01
2.054239654541015625e+01
1.627501296997070312e+01
1.903390121459960938e+01
1.766543197631835938e+01
2.151906204223632812e+01
1.686785125732421875e+01
1.669998741149902344e+01
1.873701858520507812e+01
1.775585365295410156e+01
1.629073715209960938e+01
2.559919929504394531e+01
1.168506240844726562e+01
1.858667373657226562e+01
2.162430572509765625e+01
1.559488487243652344e+01
1.468618392944335938e+01
1.554409599304199219e+01
1.211681747436523438e+01
1.540169239044189453e+01
1.763066482543945312e+01
1.263874244689941406e+01
1.217794704437255859e+01
1.167649459838867188e+01
1.531924533843994141e+01
1.453106307983398438e+01
1.020902538299560547e+01
1.131664657592773438e+01
1.059717941284179688e+01
1.265729331970214844e+01
1.041740989685058594e+01
1.026760864257812500e+01
1.361917304992675781e+01
1.446106624603271484e+01
1.638128280639648438e+01
1.236740112304687500e+01
2.027258300781250000e+01
1.369113445281982422e+01
1.058520793914794922e+01
1.194240665435791016e+01
1.037481689453125000e+01
1.051822566986083984e+01
1.112833976745605469e+01
1.101179981231689453e+01
1.150161647796630859e+01
1.015381908416748047e+01
1.220790672302246094e+01
1.082774066925048828e+01
1.008276748657226562e+01
1.532431030273437500e+01
8.954523086547851562e+00
9.318918228149414062e+00
8.647890090942382812e+00
9.601556777954101562e+00
2.131999778747558594e+01
1.078136825561523438e+01
1.059682750701904297e+01
1.083434104919433594e+01
8.355373382568359375e+00
1.404498481750488281e+01
1.005283355712890625e+01
8.521617889404296875e+00
1.185785865783691406e+01
8.919513702392578125e+00
1.214786338806152344e+01
7.743421077728271484e+00
1.484948730468750000e+01
9.823387145996093750e+00
1.051808929443359375e+01
1.494065666198730469e+01
9.094985961914062500e+00
9.936412811279296875e+00
1.227507972717285156e+01
7.887281417846679688e+00
9.779232025146484375e+00
9.225701332092285156e+00
9.755573272705078125e+00
1.082898616790771484e+01
1.558228874206542969e+01
8.931884765625000000e+00
8.054740905761718750e+00
8.328895568847656250e+00
7.757627487182617188e+00
1.521099281311035156e+01
1.300474357604980469e+01
8.898223876953125000e+00
9.294254302978515625e+00
1.494506835937500000e+01
6.546381950378417969e+00
7.641724586486816406e+00
7.778589248657226562e+00
1.298457241058349609e+01
8.063240051269531250e+00
8.669923782348632812e+00
8.372068405151367188e+00
1.607462692260742188e+01
8.369921684265136719e+00
1.050448799133300781e+01
6.541530609130859375e+00
1.042010307312011719e+01
6.866748809814453125e+00
1.016748428344726562e+01
8.848241806030273438e+00
6.653506278991699219e+00
4.967295074462890625e+01
1.311073780059814453e+01
8.858971595764160156e+00
1.285974884033203125e+01
9.295154571533203125e+00
1.116013145446777344e+01
7.692111968994140625e+00
8.405868530273437500e+00
1.604160690307617188e+01
8.993406295776367188e+00
8.583272933959960938e+00
1.005484771728515625e+01
9.787042617797851562e+00
8.112306594848632812e+00
9.144741058349609375e+00
1.779152679443359375e+01
8.268983840942382812e+00
9.674540519714355469e+00
7.853483200073242188e+00
6.234156608581542969e+00
1.329254436492919922e+01
1.422250366210937500e+01
1.257576751708984375e+01
6.518336296081542969e+00
9.161228179931640625e+00
8.628646850585937500e+00
1.089256286621093750e+01
3.051357727050781250e+02
7.545747756958007812e+00
1.250081825256347656e+01
1.374199104309082031e+01
1.198065376281738281e+01
1.247841453552246094e+01
1.003037834167480469e+01
9.459008216857910156e+00
1.009234046936035156e+01
1.262945270538330078e+01
1.312793922424316406e+01
1.268176746368408203e+01
8.936470031738281250e+00
1.030826854705810547e+01
1.083177757263183594e+01
1.487007808685302734e+01
1.025347709655761719e+01
1.394250869750976562e+01
1.107214355468750000e+01
1.468650627136230469e+01
1.262626457214355469e+01
1.036102104187011719e+01
1.604598617553710938e+01
7.279137611389160156e+00
9.683196067810058594e+00
1.441030406951904297e+01
1.153749370574951172e+01
1.222746467590332031e+01
1.295339012145996094e+01
1.334943199157714844e+01
8.813544273376464844e+00
9.233804702758789062e+00
1.282524299621582031e+01
1.029610633850097656e+01
2.968291664123535156e+01
1.244903182983398438e+01
2.277454566955566406e+01
1.022594451904296875e+01
1.608787536621093750e+02
1.033949661254882812e+01
1.128904724121093750e+01
1.629109573364257812e+01
2.126130485534667969e+01
1.496996879577636719e+01
1.741526031494140625e+01
1.413323879241943359e+01
1.561871337890625000e+01
2.387936019897460938e+01
1.769073295593261719e+01
2.605723953247070312e+01
6.016808700561523438e+01
2.213483047485351562e+01
7.846142578125000000e+01
3.980290603637695312e+01
2.943448448181152344e+01
3.457900238037109375e+01
1.745343017578125000e+01
2.647195243835449219e+01
2.070938873291015625e+01
2.951645278930664062e+01
3.002693748474121094e+01
4.709995651245117188e+01
2.303903388977050781e+01
1.765464782714843750e+01
1.826125717163085938e+01
1.552476692199707031e+01
2.113800621032714844e+01
1.437298583984375000e+01
3.326930999755859375e+01
3.611493682861328125e+01
3.330728912353515625e+01
2.905297470092773438e+01
2.240963745117187500e+01
1.767922401428222656e+01
1.944709587097167969e+01
2.963952445983886719e+01
2.779830741882324219e+01
2.055700492858886719e+01
1.433580589294433594e+01
3.587839508056640625e+01
2.006641006469726562e+01
1.807270050048828125e+01
1.854032325744628906e+01
1.813628768920898438e+01
2.031222343444824219e+01
1.957856941223144531e+01
1.965222930908203125e+01
1.324028396606445312e+01
1.499540901184082031e+01
2.206939125061035156e+01
1.131575679779052734e+01
6.919976806640625000e+01
3.271562194824218750e+01
2.096836280822753906e+01
1.864520835876464844e+01
1.133074951171875000e+01
1.350717163085937500e+01
1.583369922637939453e+01
2.733699417114257812e+01
2.057570266723632812e+01
2.454977035522460938e+01
1.185137367248535156e+01
1.383936500549316406e+01
1.086669635772705078e+01
1.603215789794921875e+01
1.979766654968261719e+01
1.764967346191406250e+01
1.518118381500244141e+01
3.265604400634765625e+01
1.374720954895019531e+01
2.103704833984375000e+01
9.126056671142578125e+00
7.776729583740234375e+00
1.415549278259277344e+01
1.924763870239257812e+01
2.605204582214355469e+01
1.129931449890136719e+01
1.840637779235839844e+01
1.778381729125976562e+01
1.093848419189453125e+01
1.388110733032226562e+01
8.504041671752929688e+00
9.626512527465820312e+00
1.593610668182373047e+01
1.576590919494628906e+01
2.223286819458007812e+01
1.219048881530761719e+01
1.883234977722167969e+01
1.494191169738769531e+01
1.354948139190673828e+01
1.440482997894287109e+01
8.620851516723632812e+00
1.312136459350585938e+01
1.017098999023437500e+01
1.231034278869628906e+01
1.659568405151367188e+01
1.363689231872558594e+01
2.251808929443359375e+01
1.306953525543212891e+01
1.485895729064941406e+01
1.228577423095703125e+01
1.161003303527832031e+01
1.228479480743408203e+01
1.000154113769531250e+01
1.293479251861572266e+01
2.023180580139160156e+01
1.258363533020019531e+01
1.360858917236328125e+01
8.527297973632812500e+00
8.991251945495605469e+00
1.493943405151367188e+01
1.591301059722900391e+01
1.325774192810058594e+01
1.942786788940429688e+01
1.066180992126464844e+01
8.740615844726562500e+00
1.223453330993652344e+01
1.589698982238769531e+01
1.494188594818115234e+01
1.276159954071044922e+01
9.733047485351562500e+00
1.189067935943603516e+01
8.205358505249023438e+00
5.009206771850585938e+01
1.322705554962158203e+01
1.182000827789306641e+01
9.949580192565917969e+00
1.013653278350830078e+01
7.463974952697753906e+00
9.464086532592773438e+00
1.248554039001464844e+01
9.184432029724121094e+00
1.395756244659423828e+01
1.856692886352539062e+01
1.160911178588867188e+01
1.706214523315429688e+01
1.345271587371826172e+01
7.593450069427490234e+00
9.744037628173828125e+00
1.334970855712890625e+01
8.387634277343750000e+00
1.170607566833496094e+01
1.137156486511230469e+01
1.200593852996826172e+01
1.168133354187011719e+01
1.333157825469970703e+01
1.219457054138183594e+01
1.118260765075683594e+01
1.213332366943359375e+01
3.143297958374023438e+01
8.214115142822265625e+00
1.146937370300292969e+01
9.224667549133300781e+00
1.360356521606445312e+01
1.720530128479003906e+01
1.247319889068603516e+01
5.887052536010742188e+00
1.111583232879638672e+01
6.441462516784667969e+00
1.488538742065429688e+01
1.599196147918701172e+01
9.684156417846679688e+00
8.693778991699218750e+00
8.326994895935058594e+00
7.909251213073730469e+00
8.315729141235351562e+00
1.406857490539550781e+01
1.565563964843750000e+01
8.554122924804687500e+00
5.160584449768066406e+00
1.310322380065917969e+01
7.351980209350585938e+00
1.020293045043945312e+01
1.348781204223632812e+01
1.295739936828613281e+01
9.460460662841796875e+00
9.601953506469726562e+00
5.278147220611572266e+00
7.166895866394042969e+00
1.035077381134033203e+01
1.772587966918945312e+01
1.140221214294433594e+01
9.205428123474121094e+00
6.280322074890136719e+00
8.912048339843750000e+00
8.903412818908691406e+00
9.431476593017578125e+00
1.160595703125000000e+01
1.333121967315673828e+01
7.943959236145019531e+00
9.303405761718750000e+00
8.772466659545898438e+00
8.863806724548339844e+00
1.511129665374755859e+01
7.348459243774414062e+00
7.666988849639892578e+00
1.119167232513427734e+01
1.420688056945800781e+01
7.745049953460693359e+00
1.175058555603027344e+01
8.431126594543457031e+00
7.357271194458007812e+00
6.214497089385986328e+00
8.670331954956054688e+00
1.044326686859130859e+01
9.506676673889160156e+00
7.688556671142578125e+00
6.826128482818603516e+00
8.306399345397949219e+00
1.143148231506347656e+01
9.012938499450683594e+00
9.637446403503417969e+00
6.739556789398193359e+00
9.738720893859863281e+00
9.334736824035644531e+00
1.413365650177001953e+01
8.883360862731933594e+00
9.494777679443359375e+00
1.001124763488769531e+01
1.233322429656982422e+01
1.044743919372558594e+01
5.656901359558105469e+00
7.736458778381347656e+00
7.399688720703125000e+00
9.410520553588867188e+00
8.230423927307128906e+00
9.281080245971679688e+00
1.010919570922851562e+01
7.000820636749267578e+00
6.424252986907958984e+00
5.355418205261230469e+00
1.317298698425292969e+01
9.518531799316406250e+00
1.009094429016113281e+01
9.326230049133300781e+00
2.265485763549804688e+01
7.281083106994628906e+00
6.518292427062988281e+00
8.076369285583496094e+00
1.056711578369140625e+01
1.349715423583984375e+01
8.566734313964843750e+00
1.081679153442382812e+01
6.033116817474365234e+00
8.900077819824218750e+00
1.014934539794921875e+01
1.311333179473876953e+01
1.167228889465332031e+01
8.117214202880859375e+00
7.568501472473144531e+00
9.971389770507812500e+00
1.024175167083740234e+01
1.075499725341796875e+01
6.129295825958251953e+00
6.602960586547851562e+00
5.968683242797851562e+00
9.590366363525390625e+00
4.504323577880859375e+01
2.093642616271972656e+01
1.323243427276611328e+01
6.090457916259765625e+00
7.344367980957031250e+00
9.385965347290039062e+00
1.118882942199707031e+01
1.301754760742187500e+01
8.764215469360351562e+00
7.955549240112304688e+00
7.168382644653320312e+00
1.171144104003906250e+01
9.634508132934570312e+00
1.012899971008300781e+01
7.666990280151367188e+00
6.334315299987792969e+00
7.030671119689941406e+00
1.230177497863769531e+01
1.055607223510742188e+01
8.703495025634765625e+00
6.546636581420898438e+00
8.973562240600585938e+00
1.194377136230468750e+01
9.369493484497070312e+00
8.944024085998535156e+00
8.004603385925292969e+00
1.520538330078125000e+01
7.105307579040527344e+00
5.698316097259521484e+00
9.191825866699218750e+00
1.244316101074218750e+01
7.099368095397949219e+00
6.645111083984375000e+00
5.497638225555419922e+00
1.090360641479492188e+01
8.232854843139648438e+00
1.104607295989990234e+01
5.068799495697021484e+00
7.958870887756347656e+00
7.624291896820068359e+00
1.300162887573242188e+01
1.378482341766357422e+01
9.689383506774902344e+00
7.027927398681640625e+00
7.083824157714843750e+00
7.042192459106445312e+00
1.247240257263183594e+01
1.263872337341308594e+01
5.053686618804931641e+00
5.599143028259277344e+00
4.816355705261230469e+00
7.448735237121582031e+00
1.219226169586181641e+01
1.062174224853515625e+01
6.768870830535888672e+00
5.251778125762939453e+00
9.724868774414062500e+01
1.367953300476074219e+01
1.842921829223632812e+01
1.175021553039550781e+01
5.472012996673583984e+00
3.461170911788940430e+00
7.591118812561035156e+00
7.174048900604248047e+00
1.374577331542968750e+01
1.440824127197265625e+01
1.102103137969970703e+01
4.454714298248291016e+00
8.341496467590332031e+00
3.864288091659545898e+00
7.208849430084228516e+00
1.247468948364257812e+01
1.516473388671875000e+01
6.357208251953125000e+00
1.116762351989746094e+01
5.462619304656982422e+00
5.753672599792480469e+00
8.110308647155761719e+00
1.020714759826660156e+01
1.061626815795898438e+01
5.372627258300781250e+00
7.020606040954589844e+00
1.247824954986572266e+01
7.687460422515869141e+00
9.475899696350097656e+00
6.770088195800781250e+00
7.941493988037109375e+00
7.348946571350097656e+00
7.857641220092773438e+00
1.075550651550292969e+01
9.583233833312988281e+00
7.326462745666503906e+00
5.803461074829101562e+00
8.775382995605468750e+00
7.670362949371337891e+00
1.291326999664306641e+01
1.048065090179443359e+01
6.258671283721923828e+00
8.476171493530273438e+00
3.638644218444824219e+00
8.462078094482421875e+00
7.173300743103027344e+00
5.775912284851074219e+00
1.065836334228515625e+01
7.927306652069091797e+00
1.090058326721191406e+01
7.053369522094726562e+00
5.311837196350097656e+00
7.103757858276367188e+00
8.162250518798828125e+00
1.718580627441406250e+01
7.758163452148437500e+00
1.102789783477783203e+01
7.326748847961425781e+00
6.696812438964843750e+01
6.032222747802734375e+00
7.178925037384033203e+00
1.362267494201660156e+01
1.418220710754394531e+01
9.529078483581542969e+00
1.372039222717285156e+01
1.212785434722900391e+01
8.230618476867675781e+00
1.271357917785644531e+01
1.063059425354003906e+01
6.307691574096679688e+00
2.815561771392822266e+00
4.705101013183593750e+00
8.536979675292968750e+00
1.139291572570800781e+01
7.649401187896728516e+00
7.228225708007812500e+00
5.396479606628417969e+00
4.677221298217773438e+00
7.313966274261474609e+00
8.514458656311035156e+00
1.542077445983886719e+01
1.033536529541015625e+01
9.031702041625976562e+00
7.645824909210205078e+00
5.519545555114746094e+00
9.745618820190429688e+00
1.527492237091064453e+01
1.204893493652343750e+01
1.025271224975585938e+01
7.002027511596679688e+00
6.093217849731445312e+00
6.926899909973144531e+00
5.554985046386718750e+00
1.020676517486572266e+01
1.105999183654785156e+01
5.990201950073242188e+00
7.090322494506835938e+00
6.028833866119384766e+00
1.118589210510253906e+01
8.099897384643554688e+00
9.188837051391601562e+00
6.163619041442871094e+00
1.028095817565917969e+01
7.923359394073486328e+00
1.101409912109375000e+01
6.886338233947753906e+00
6.291671752929687500e+00
6.769341945648193359e+00
8.985728263854980469e+00
1.012363147735595703e+01
5.733823776245117188e+00
4.218692779541015625e+00
8.299468994140625000e+00
3.356225967407226562e+01
8.906880378723144531e+00
9.886943817138671875e+00
2.128881072998046875e+02
1.081967163085937500e+01
9.523530960083007812e+00
6.139714241027832031e+00
8.848816871643066406e+00
6.862672805786132812e+00
1.685808563232421875e+02
7.024539947509765625e+00
7.285162925720214844e+00
7.640842437744140625e+00
1.313657093048095703e+01
1.017637157440185547e+01
7.582924365997314453e+00
5.860730171203613281e+00
4.074248313903808594e+00
7.126424789428710938e+00
6.087376022338867188e+01
1.532374763488769531e+01
1.162331008911132812e+01
1.466123676300048828e+01
7.973045349121093750e+00
1.200387573242187500e+01
1.415254497528076172e+01
1.170380783081054688e+01
9.282510757446289062e+00
8.924999237060546875e+00
1.243967628479003906e+01
1.481732177734375000e+01
1.920240402221679688e+01
6.725555419921875000e+00
1.218124961853027344e+01
7.879541397094726562e+00
2.188451576232910156e+01
1.063920021057128906e+01
8.645783424377441406e+00
7.016660690307617188e+00
6.546942234039306641e+00
1.309286117553710938e+01
1.375806045532226562e+01
9.894573211669921875e+00
8.562627792358398438e+00
1.362664508819580078e+01
7.795473098754882812e+00
2.630797386169433594e+01
5.010419464111328125e+01
1.740562248229980469e+01
4.980573654174804688e+00
7.547989845275878906e+00
8.660296440124511719e+00
6.222890853881835938e+00
1.165059089660644531e+01
2.053746795654296875e+01
1.195644664764404297e+01
1.146447753906250000e+01
6.906845569610595703e+00
3.817196607589721680e+00
3.006760406494140625e+01
9.422313690185546875e+00
1.392473793029785156e+01
1.615201377868652344e+01
3.537150573730468750e+01
1.034830474853515625e+01
5.359227657318115234e+00
7.887872695922851562e+00
6.719138145446777344e+00
1.713547134399414062e+01
1.248438072204589844e+01
8.871315002441406250e+00
4.376019477844238281e+00
9.338304519653320312e+00
7.183863639831542969e+00
1.057556724548339844e+01
1.089243698120117188e+01
8.298151969909667969e+00
5.633922576904296875e+00
7.445829868316650391e+00
6.596241950988769531e+00
1.092279052734375000e+01
1.003018379211425781e+01
9.783523559570312500e+00
2.255199241638183594e+01
4.917549133300781250e+00
4.881085872650146484e+00
5.786192417144775391e+00
1.210820293426513672e+01
1.386483764648437500e+01
1.653984069824218750e+01
9.781521797180175781e+00
6.375461578369140625e+00
1.027211380004882812e+01
9.878892898559570312e+00
8.012664794921875000e+00
1.023957443237304688e+01
1.414054584503173828e+01
6.381954193115234375e+00
6.469325065612792969e+00
4.348908424377441406e+00
4.961922168731689453e+00
1.016702747344970703e+01
2.348468399047851562e+01
1.105538940429687500e+01
6.656455039978027344e+00
5.418562889099121094e+00
9.123421669006347656e+00
9.220623970031738281e+00
1.265950012207031250e+01
1.009711265563964844e+01
9.881975173950195312e+00
1.108936405181884766e+01
6.579983711242675781e+00
6.325065612792968750e+00
8.934580802917480469e+00
5.871333599090576172e+00
1.005956077575683594e+01
7.824748516082763672e+00
7.007969856262207031e+00
1.033374214172363281e+01
6.286818504333496094e+00
6.168643474578857422e+00
6.601192474365234375e+01
2.104066467285156250e+01
9.833273887634277344e+00
1.269132537841796875e+02
6.865226268768310547e+00
7.606990337371826172e+00
9.166491508483886719e+00
1.353091430664062500e+01
1.469613838195800781e+01
1.427930831909179688e+01
9.212671279907226562e+00
1.403136444091796875e+01
7.256102561950683594e+00
1.054142856597900391e+01
2.060773849487304688e+01
1.267807960510253906e+01
1.181640815734863281e+01
1.094507026672363281e+01
8.629346847534179688e+00
1.414537048339843750e+01
1.851640701293945312e+01
1.172862625122070312e+01
1.492299461364746094e+01
1.147515487670898438e+01
7.238629341125488281e+00
1.343499565124511719e+01
1.253630676269531250e+02
2.872863769531250000e+01
2.814022827148437500e+01
1.961624717712402344e+01
1.153043174743652344e+01
2.567851448059082031e+01
7.941445350646972656e+00
1.771766281127929688e+01
4.794685363769531250e+01
1.494664001464843750e+01
2.240959167480468750e+01
2.318136978149414062e+01
8.033484458923339844e+00
1.052398681640625000e+01
1.184578704833984375e+01
1.258780860900878906e+01
3.952849960327148438e+01
2.694367408752441406e+01
7.720205307006835938e+00
1.039834403991699219e+01
2.051418304443359375e+01
7.361794471740722656e+00
9.884197235107421875e+00
1.270242500305175781e+01
1.815478515625000000e+01
1.876001739501953125e+01
1.640518379211425781e+01
1.026427078247070312e+01
8.416316986083984375e+00
6.369136810302734375e+00
6.478948593139648438e+00
7.896145343780517578e+00
9.526073455810546875e+00
1.566120529174804688e+01
1.048630714416503906e+01
1.115875530242919922e+01
9.986065864562988281e+00
5.941095352172851562e+00
5.054710388183593750e+00
8.519071578979492188e+00
7.191269397735595703e+00
1.029573249816894531e+01
1.163072299957275391e+01
1.265371799468994141e+01
6.603352546691894531e+00
6.263456344604492188e+00
8.143857002258300781e+00
7.084374427795410156e+00
9.483057022094726562e+00
9.251868247985839844e+00
5.926809787750244141e+00
9.118568420410156250e+00
8.552631378173828125e+00
1.030726242065429688e+01
8.084945678710937500e+00
1.097878570556640625e+02
9.264712333679199219e+00
9.069952011108398438e+00
1.399136352539062500e+01
1.130418968200683594e+01
1.151544475555419922e+01
2.329032516479492188e+01
8.451621055603027344e+00
3.206391143798828125e+01
1.610827636718750000e+01
1.650583839416503906e+01
1.408565235137939453e+01
1.855725288391113281e+01
1.721103668212890625e+01
1.445183944702148438e+01
4.373950481414794922e+00
1.296917724609375000e+01
9.789279937744140625e+00
1.229233169555664062e+01
1.554150009155273438e+01
2.437831687927246094e+01
1.107460975646972656e+01
8.827068328857421875e+00
3.543453979492187500e+01
1.064218616485595703e+01
2.899961662292480469e+01
1.046979331970214844e+01
1.607866668701171875e+01
1.322736644744873047e+01
1.357215404510498047e+01
1.029814815521240234e+01
1.162851715087890625e+01
1.399647045135498047e+01
6.727374076843261719e+00
1.804244995117187500e+01
9.540554046630859375e+00
1.141313743591308594e+01
2.941735839843750000e+01
1.291618156433105469e+01
1.821110725402832031e+01
1.537777137756347656e+01
1.168635940551757812e+01
1.290890789031982422e+01
1.328464794158935547e+01
8.883716583251953125e+00
9.015489578247070312e+00
6.633130073547363281e+00
8.108222007751464844e+00
8.720959663391113281e+00
1.206585884094238281e+01
1.321125984191894531e+01
2.868908309936523438e+01
1.007563972473144531e+01
8.121112823486328125e+00
8.711462020874023438e+00
9.008602142333984375e+00
7.593230724334716797e+00
6.712784767150878906e+00
9.997678756713867188e+00
1.671868515014648438e+01
1.077655696868896484e+01
1.260860824584960938e+01
8.575033187866210938e+00
1.080726337432861328e+01
8.198237419128417969e+00
8.342887878417968750e+00
1.048346614837646484e+01
1.313378715515136719e+01
1.127942180633544922e+01
1.765596580505371094e+01
9.817607879638671875e+00
1.064943981170654297e+01
7.497433662414550781e+00
8.707912445068359375e+00
7.329318523406982422e+00
9.357208251953125000e+00
1.068742465972900391e+01
1.426536846160888672e+01
1.558418273925781250e+01
1.295491409301757812e+01
4.914703369140625000e+00
6.176149845123291016e+00
3.900434017181396484e+00
1.040666389465332031e+01
1.645396423339843750e+01
1.683535575866699219e+01
1.350719642639160156e+01
1.757045745849609375e+01
9.113050460815429688e+00
4.641028881072998047e+00
5.539562702178955078e+00
2.491644859313964844e+01
9.405667304992675781e+00
7.940439701080322266e+00
9.228258132934570312e+00
8.321744918823242188e+00
1.321374130249023438e+01
1.059077644348144531e+01
1.044632530212402344e+01
1.000974655151367188e+01
2.844012069702148438e+01
1.429630947113037109e+01
1.067783737182617188e+01
2.504687309265136719e+01
7.136116504669189453e+00
6.988380432128906250e+00
1.210779762268066406e+01
1.010601520538330078e+01
7.924643039703369141e+00
7.493440628051757812e+00
8.200147628784179688e+00
1.233122062683105469e+01
1.068807220458984375e+01
7.770466804504394531e+00
1.126122665405273438e+01
9.535627365112304688e+00
1.002785015106201172e+01
8.836082458496093750e+00
3.137193107604980469e+01
8.957866668701171875e+00
1.245967102050781250e+01
5.981458187103271484e+00
6.457286834716796875e+00
7.319503784179687500e+00
1.198035812377929688e+01
3.923769378662109375e+01
7.671763420104980469e+00
8.550407409667968750e+00
1.294913101196289062e+01
8.874013900756835938e+00
1.371780014038085938e+01
1.406883239746093750e+01
7.634556770324707031e+00
1.119360065460205078e+01
6.584266185760498047e+00
1.373434066772460938e+01
8.524787902832031250e+00
8.476142883300781250e+00
8.796364784240722656e+00
1.405322837829589844e+01
9.215473175048828125e+00
1.077172565460205078e+01
1.205866813659667969e+01
7.410865783691406250e+00
1.101314449310302734e+01
5.076905250549316406e+00
7.089263916015625000e+00
9.488796234130859375e+00
1.234478378295898438e+01
1.348801040649414062e+01
1.252650451660156250e+01
1.358240318298339844e+01
7.795476913452148438e+00
9.917604446411132812e+00
4.695279121398925781e+00
1.173783302307128906e+01
7.947498321533203125e+00
1.361333370208740234e+01
9.168194770812988281e+00
8.129677772521972656e+00
9.583955764770507812e+00
7.770398139953613281e+00
5.078791618347167969e+00
6.753052234649658203e+00
1.085120010375976562e+01
9.537916183471679688e+00
9.909085273742675781e+00
5.665679931640625000e+00
9.653597831726074219e+00
8.324321746826171875e+00
8.220102310180664062e+00
7.076560020446777344e+00
8.707214355468750000e+00
5.751845359802246094e+00
1.259913635253906250e+01
1.124183940887451172e+01
1.716295623779296875e+01
9.010475158691406250e+00
9.225865364074707031e+00
7.274959564208984375e+00
7.847309112548828125e+00
8.672374725341796875e+00
1.254245758056640625e+01
9.943576812744140625e+00
1.139757347106933594e+01
9.607234954833984375e+00
1.054414176940917969e+01
9.057723045349121094e+00
9.890344619750976562e+00
1.214657878875732422e+01
1.125288391113281250e+01
1.086075592041015625e+01
8.368494033813476562e+00
1.184102439880371094e+01
2.575885391235351562e+01
1.146185398101806641e+01
6.144785881042480469e+00
7.837078094482421875e+00
7.089695930480957031e+00
1.084042358398437500e+01
9.572587966918945312e+00
1.110113716125488281e+01
6.081692695617675781e+00
7.783433914184570312e+00
1.416424083709716797e+01
1.754328727722167969e+01
6.807222900390625000e+02
5.406052112579345703e+00
4.700678825378417969e+00
4.453543663024902344e+00
1.024545383453369141e+01
1.310655403137207031e+01
1.336290168762207031e+01
1.352147293090820312e+01
1.251279258728027344e+01
2.426657104492187500e+01
2.724148368835449219e+01
1.045423984527587891e+01
7.331651210784912109e+00
9.218980789184570312e+00
1.095219612121582031e+01
7.983004570007324219e+00
1.610033035278320312e+01
3.766134262084960938e+01
1.347847175598144531e+01
1.184331893920898438e+01
6.185290336608886719e+00
7.392242908477783203e+00
4.973360538482666016e+00
4.549461364746093750e+00
1.141346931457519531e+01
1.256949901580810547e+01
1.641071319580078125e+01
1.096944999694824219e+01
1.103770446777343750e+01
4.183142662048339844e+00
5.509858131408691406e+00
7.685344696044921875e+00
1.585330772399902344e+01
1.170976829528808594e+01
1.350780773162841797e+01
1.477867889404296875e+01
9.391223907470703125e+00
1.024503803253173828e+01
5.692349433898925781e+00
1.271719741821289062e+01
8.797636032104492188e+00
5.648439407348632812e+00
1.173523616790771484e+01
7.660946846008300781e+00
1.584264087677001953e+01
1.424073028564453125e+01
1.150505447387695312e+01
5.197154998779296875e+00
6.834142684936523438e+00
6.776063442230224609e+00
3.961744785308837891e+00
4.865778923034667969e+00
6.900933265686035156e+00
6.533249855041503906e+00
1.152222633361816406e+01
1.219468402862548828e+01
1.424127388000488281e+01
7.016948699951171875e+00
7.413351535797119141e+00
5.459723472595214844e+00
7.678558349609375000e+00
6.166647911071777344e+00
1.026360034942626953e+01
1.453618526458740234e+01
1.322560119628906250e+01
1.122827148437500000e+01
5.597252368927001953e+00
7.492773056030273438e+00
6.587486267089843750e+00
8.570602416992187500e+00
7.737736701965332031e+00
7.561704635620117188e+00
9.975178718566894531e+00
1.048571205139160156e+01
1.483417510986328125e+01
8.905385017395019531e+00
9.646351814270019531e+00
9.506652832031250000e+00
9.305967330932617188e+00
8.233915328979492188e+00
7.222939968109130859e+00
9.934076309204101562e+00
1.249236965179443359e+01
7.216474056243896484e+00
7.367076873779296875e+00
7.722261905670166016e+00
6.084098815917968750e+00
6.316625595092773438e+00
7.460541725158691406e+00
1.105567169189453125e+01
1.520255279541015625e+01
1.118556690216064453e+01
1.017632865905761719e+01
2.910115003585815430e+00
4.788534164428710938e+00
5.099309444427490234e+00
6.673946380615234375e+00
8.868535041809082031e+00
1.178348159790039062e+01
1.133379554748535156e+01
1.235684013366699219e+01
1.361776542663574219e+01
7.071166038513183594e+00
3.917974233627319336e+00
5.684070587158203125e+00
3.572274208068847656e+00
5.643825054168701172e+00
6.283315658569335938e+00
1.375164318084716797e+01
1.985706710815429688e+01
9.747827529907226562e+00
1.204168701171875000e+01
9.479293823242187500e+00
7.474084854125976562e+00
4.886177062988281250e+00
1.421974372863769531e+01
8.167985916137695312e+00
1.171615791320800781e+01
7.863313198089599609e+00
1.052568531036376953e+01
7.125453472137451172e+00
8.342444419860839844e+00
6.049259185791015625e+00
8.132116317749023438e+00
1.328471088409423828e+01
8.202398300170898438e+00
6.226671218872070312e+00
5.562142848968505859e+00
5.076914787292480469e+00
7.242740631103515625e+00
8.212076187133789062e+00
1.174544525146484375e+01
1.054088497161865234e+01
1.208013534545898438e+01
9.493710517883300781e+00
6.336822509765625000e+00
6.512466430664062500e+00
6.763659477233886719e+00
5.834105968475341797e+00
7.928890228271484375e+00
1.012318611145019531e+01
1.506502819061279297e+01
1.124041748046875000e+01
1.271241760253906250e+01
8.948605537414550781e+00
9.555719375610351562e+00
1.168440628051757812e+01
7.451253414154052734e+00
7.039122581481933594e+00
1.024588489532470703e+01
1.417124748229980469e+01
9.953992843627929688e+00
9.823392868041992188e+00
5.753822326660156250e+00
8.019910812377929688e+00
4.907945632934570312e+00
5.672703742980957031e+00
6.495650768280029297e+00
9.353344917297363281e+00
1.188738441467285156e+01
1.481135559082031250e+01
1.093285369873046875e+01
8.696458816528320312e+00
6.462975978851318359e+00
6.920057296752929688e+00
1.303050422668457031e+01
8.761462211608886719e+00
5.633644104003906250e+00
1.250104522705078125e+01
1.348166465759277344e+01
8.055763244628906250e+00
4.989945411682128906e+00
1.294239711761474609e+01
5.987702369689941406e+00
6.669136047363281250e+00
6.853568553924560547e+00
1.334222412109375000e+01
7.722837924957275391e+00
7.501629352569580078e+00
8.549798965454101562e+00
8.412656784057617188e+00
9.056971549987792969e+00
9.071790695190429688e+00
8.085302352905273438e+00
1.073017024993896484e+01
9.777077674865722656e+00
7.332710266113281250e+00
6.702712059020996094e+00
6.126882553100585938e+00
7.925817489624023438e+00
1.020836257934570312e+01
1.317074871063232422e+01
1.103718471527099609e+01
1.310462856292724609e+01
7.915732860565185547e+00
7.671463489532470703e+00
6.986601829528808594e+00
7.198235511779785156e+00
9.778362274169921875e+00
6.836178779602050781e+00
1.082249832153320312e+01
1.136471366882324219e+01
8.000591278076171875e+00
6.500868320465087891e+00
7.883426666259765625e+00
7.977603912353515625e+00
7.512764930725097656e+00
1.027241992950439453e+01
6.451256752014160156e+00
6.115825176239013672e+00
7.005784034729003906e+00
8.324611663818359375e+00
7.508397579193115234e+00
1.147914409637451172e+01
6.937727451324462891e+00
7.563437461853027344e+00
8.988341331481933594e+00
1.587920761108398438e+01
1.560813808441162109e+01
8.463986396789550781e+00
9.087789535522460938e+00
7.302304267883300781e+00
5.368291378021240234e+00
5.343376636505126953e+00
8.322750091552734375e+00
8.391014099121093750e+00
1.114409160614013672e+01
1.118892860412597656e+01
1.136388015747070312e+01
1.177070331573486328e+01
7.138609409332275391e+00
6.938697814941406250e+00
7.407549858093261719e+00
8.484107017517089844e+00
5.869947433471679688e+00
9.602401733398437500e+00
1.037535190582275391e+01
1.154773712158203125e+01
9.070091247558593750e+00
9.147035598754882812e+00
8.369981765747070312e+00
8.654100418090820312e+00
5.819595336914062500e+00
6.091664791107177734e+00
6.712344169616699219e+00
8.407554626464843750e+00
7.927763938903808594e+00
1.045794677734375000e+01
1.262791442871093750e+01
7.808740615844726562e+00
1.092563629150390625e+01
8.459099769592285156e+00
4.983654499053955078e+00
6.438032150268554688e+00
8.665756225585937500e+00
1.135175895690917969e+01
1.862460327148437500e+01
1.383193778991699219e+01
1.150594329833984375e+01
7.816889762878417969e+00
5.365607261657714844e+00
9.679006576538085938e+00
7.070744514465332031e+00
8.298898696899414062e+00
1.017830562591552734e+01
1.011022949218750000e+01
7.425376892089843750e+00
9.789657592773437500e+00
1.200945949554443359e+01
8.549540519714355469e+00
9.562916755676269531e+00
6.952086925506591797e+00
7.030164718627929688e+00
6.576057434082031250e+00
1.129491806030273438e+01
1.127114391326904297e+01
1.405720233917236328e+01
7.100158691406250000e+00
6.070001602172851562e+00
6.617994785308837891e+00
7.482217788696289062e+00
8.627058029174804688e+00
8.691926956176757812e+00
1.242449474334716797e+01
6.942303180694580078e+00
6.852033138275146484e+00
6.374587535858154297e+00
1.035387611389160156e+01
7.892364978790283203e+00
8.191924095153808594e+00
1.054800605773925781e+01
4.907488822937011719e+00
7.434458732604980469e+00
8.203580856323242188e+00
1.150890731811523438e+01
1.130958366394042969e+01
5.800463104248046875e+01
2.075742721557617188e+01
9.894237518310546875e+00
1.076105308532714844e+01
1.653218650817871094e+01
5.075311183929443359e+00
9.299630165100097656e+00
4.706990242004394531e+00
1.418043041229248047e+01
9.886085510253906250e+00
1.667668151855468750e+01
1.364361190795898438e+01
1.325299644470214844e+01
7.377907752990722656e+00
8.109745025634765625e+00
7.190829753875732422e+00
9.866040229797363281e+00
7.130391597747802734e+00
1.675580978393554688e+01
1.331210327148437500e+01
1.103275966644287109e+01
8.362281799316406250e+00
1.010369110107421875e+01
7.880939483642578125e+00
9.393455505371093750e+00
1.622438049316406250e+01
1.559668827056884766e+01
9.009510040283203125e+00
1.230547332763671875e+01
5.947112560272216797e+00
6.570990085601806641e+00
9.444571495056152344e+00
7.802093029022216797e+00
9.098691940307617188e+00
8.481027603149414062e+00
1.162350654602050781e+01
6.117502212524414062e+00
1.143801689147949219e+01
1.140625667572021484e+01
7.590985774993896484e+00
9.026962280273437500e+00
7.311897277832031250e+00
6.787036895751953125e+00
8.294101715087890625e+00
9.924823760986328125e+00
1.210755157470703125e+01
1.044248580932617188e+01
8.831601142883300781e+00
9.339875221252441406e+00
9.445050239562988281e+00
6.308876991271972656e+00
1.163087368011474609e+01
6.848814964294433594e+00
6.726030349731445312e+00
9.473573684692382812e+00
1.252264881134033203e+01
1.167485141754150391e+01
6.622014999389648438e+00
8.863115310668945312e+00
8.189254760742187500e+00
8.840651512145996094e+00
1.005128860473632812e+01
9.814270019531250000e+00
9.449670791625976562e+00
7.994244575500488281e+00
7.963466644287109375e+00
9.769584655761718750e+00
1.077152442932128906e+01
8.333752632141113281e+00
9.119247436523437500e+00
6.629097938537597656e+00
1.106758785247802734e+01
8.543983459472656250e+00
1.151554965972900391e+01
6.976422309875488281e+00
6.189760208129882812e+00
1.076559257507324219e+01
9.647096633911132812e+00
1.356170272827148438e+01
6.384613037109375000e+00
7.043225288391113281e+00
7.910480022430419922e+00
6.765222549438476562e+00
8.723954200744628906e+00
1.176630020141601562e+01
1.054617118835449219e+01
1.068944168090820312e+01
7.107075214385986328e+00
1.644460868835449219e+01
4.317401409149169922e+00
3.751042366027832031e+00
2.474813652038574219e+01
8.883508682250976562e+00
1.078737831115722656e+01
9.364522933959960938e+00
9.623052597045898438e+00
9.685930252075195312e+00
8.894807815551757812e+00
8.089433670043945312e+00
9.301012039184570312e+00
7.201897621154785156e+00
9.404668807983398438e+00
1.098530578613281250e+01
1.175971031188964844e+01
1.038261508941650391e+01
5.201508522033691406e+00
9.274913787841796875e+00
5.410817146301269531e+00
9.213522911071777344e+00
1.253197097778320312e+01
1.026886940002441406e+01
5.631886005401611328e+00
7.687481880187988281e+00
7.240570545196533203e+00
9.476968765258789062e+00
1.162292480468750000e+01
9.086189270019531250e+00
1.341332912445068359e+01
6.963143348693847656e+00
6.183890342712402344e+00
8.739357948303222656e+00
6.634644508361816406e+00
5.782989501953125000e+00
5.912844657897949219e+00
8.301836013793945312e+00
8.427648544311523438e+00
1.255008029937744141e+01
8.559503555297851562e+00
5.756578445434570312e+00
7.237042427062988281e+00
6.968306541442871094e+00
6.865099906921386719e+00
1.797790145874023438e+01
1.267581748962402344e+01
9.635839462280273438e+00
6.888395786285400391e+00
7.115334510803222656e+00
4.636766433715820312e+00
6.480192661285400391e+00
1.039026737213134766e+01
7.581307888031005859e+00
8.426143646240234375e+00
9.705123901367187500e+00
9.332094192504882812e+00
7.463274955749511719e+00
9.707887649536132812e+00
5.839801311492919922e+00
8.288439750671386719e+00
2.090624046325683594e+01
8.461879730224609375e+00
9.379123687744140625e+00
6.972009181976318359e+00
7.765129566192626953e+00
1.407607078552246094e+01
8.266610145568847656e+00
8.176350593566894531e+00
1.388640403747558594e+01
9.444952011108398438e+00
2.152711868286132812e+01
6.642436504364013672e+00
8.368962287902832031e+00
1.064802360534667969e+01
8.864246368408203125e+00
9.827394485473632812e+00
1.317992591857910156e+01
1.016440963745117188e+01
7.912749290466308594e+00
6.689497947692871094e+00
5.968102455139160156e+00
6.828788757324218750e+00
9.393159866333007812e+00
8.666951179504394531e+00
1.025363826751708984e+01
8.276013374328613281e+00
9.719441413879394531e+00
6.709982872009277344e+00
8.639120101928710938e+00
9.932409286499023438e+00
8.999530792236328125e+00
7.104630947113037109e+00
9.338054656982421875e+00
8.085258483886718750e+00
5.881678104400634766e+00
5.321768760681152344e+00
6.980212688446044922e+00
1.997563171386718750e+01
8.958403587341308594e+00
8.520415306091308594e+00
8.975440025329589844e+00
8.676451683044433594e+00
7.355731010437011719e+00
7.572876453399658203e+00
1.106297302246093750e+01
8.579284667968750000e+00
1.694798660278320312e+01
8.349857330322265625e+00
9.438084602355957031e+00
6.492987632751464844e+00
8.986478805541992188e+00
8.837250709533691406e+00
9.174356460571289062e+00
9.842989921569824219e+00
6.920220851898193359e+00
8.017732620239257812e+00
8.135057449340820312e+00
7.181643009185791016e+00
8.420809745788574219e+00
8.961229324340820312e+00
9.714011192321777344e+00
8.859992980957031250e+00
9.083132743835449219e+00
9.838534355163574219e+00
9.074431419372558594e+00
6.585731983184814453e+00
6.975560188293457031e+00
1.587903118133544922e+01
1.007877159118652344e+01
1.443350791931152344e+01
7.604455947875976562e+00
6.724129676818847656e+00
6.224573612213134766e+00
5.801583290100097656e+00
7.228062629699707031e+00
8.166688919067382812e+00
1.053085517883300781e+01
8.247591972351074219e+00
9.531514167785644531e+00
8.410035133361816406e+00
5.598882675170898438e+00
8.059093475341796875e+00
7.144514560699462891e+00
9.944746017456054688e+00
1.116192150115966797e+01
8.639705657958984375e+00
8.975469589233398438e+00
8.093061447143554688e+00
9.500011444091796875e+00
8.559630393981933594e+00
7.998233318328857422e+00
9.131029129028320312e+00
7.170460224151611328e+00
8.151834487915039062e+00
1.046197319030761719e+01
7.480314731597900391e+00
7.710925102233886719e+00
7.580482482910156250e+00
6.324919700622558594e+00
8.803630828857421875e+00
1.052444553375244141e+01
1.015550804138183594e+01
8.309247970581054688e+00
7.852561950683593750e+00
8.945747375488281250e+00
1.292235088348388672e+01
8.812189102172851562e+00
5.540530204772949219e+00
5.563128471374511719e+00
1.509681701660156250e+02
7.342353820800781250e+01
4.478289604187011719e+00
5.563475131988525391e+00
9.629173278808593750e+00
9.429631233215332031e+00
2.319630813598632812e+01
1.988677978515625000e+01
1.973831176757812500e+01
1.604953384399414062e+01
2.198187351226806641e+00
2.120820999145507812e+00
4.593000888824462891e+00
4.107569217681884766e+00
6.929772377014160156e+00
1.893262290954589844e+01
1.924514007568359375e+01
1.443020915985107422e+01
3.923652172088623047e+00
7.001328468322753906e+00
6.256943702697753906e+00
8.270316123962402344e+00
1.789317131042480469e+01
1.677817153930664062e+01
1.612963485717773438e+01
1.366107845306396484e+01
1.176592636108398438e+01
1.326176643371582031e+01
1.132253074645996094e+01
1.016995429992675781e+01
1.067753696441650391e+01
1.621054840087890625e+01
9.183238983154296875e+00
1.335490131378173828e+01
8.709692001342773438e+00
1.273555850982666016e+01
1.110004901885986328e+01
1.213993453979492188e+01
9.096057891845703125e+00
9.202428817749023438e+00
6.741904258728027344e+00
9.641099929809570312e+00
1.095246791839599609e+01
9.371114730834960938e+00
9.076550483703613281e+00
1.630869674682617188e+01
7.686541557312011719e+00
9.783943176269531250e+00
8.271640777587890625e+00
1.012094020843505859e+01
9.566979408264160156e+00
1.294980525970458984e+01
1.402491378784179688e+01
1.068744850158691406e+01
6.970678806304931641e+00
7.793049335479736328e+00
6.791941165924072266e+00
8.719842910766601562e+00
8.521843910217285156e+00
1.183983707427978516e+01
1.409233093261718750e+01
1.120815086364746094e+01
1.112035083770751953e+01
1.207380962371826172e+01
4.555697441101074219e+00
4.080302238464355469e+00
7.248147964477539062e+00
8.047489166259765625e+00
1.445883941650390625e+01
1.562771034240722656e+01
1.355636405944824219e+01
1.171315765380859375e+01
8.837400436401367188e+00
1.056986331939697266e+01
7.192434310913085938e+00
6.017287254333496094e+00
1.166964054107666016e+01
6.107982635498046875e+00
9.036663055419921875e+00
7.729910850524902344e+00
1.023424148559570312e+01
1.158407402038574219e+01
1.283204555511474609e+01
1.255280113220214844e+01
1.310743904113769531e+01
9.876859664916992188e+00
8.878206253051757812e+00
4.299344062805175781e+00
7.608610153198242188e+00
1.434282588958740234e+01
7.793381214141845703e+00
9.546183586120605469e+00
1.217691612243652344e+01
1.247076416015625000e+01
1.317232704162597656e+01
6.887052536010742188e+00
6.624638080596923828e+00
4.368592262268066406e+00
5.232894420623779297e+00
4.902212142944335938e+00
7.727369308471679688e+00
7.973139762878417969e+00
1.260027694702148438e+01
1.023257732391357422e+01
1.151475906372070312e+01
7.206511497497558594e+00
6.637871265411376953e+00
1.522581958770751953e+01
1.298559570312500000e+01
7.431088447570800781e+00
1.183776664733886719e+01
8.704968452453613281e+00
1.026284408569335938e+01
1.255812454223632812e+01
9.173196792602539062e+00
9.345714569091796875e+00
6.262215614318847656e+00
5.335089683532714844e+00
7.251524925231933594e+00
8.947944641113281250e+00
1.003003883361816406e+01
8.465564727783203125e+00
9.786533355712890625e+00
9.936121940612792969e+00
8.407061576843261719e+00
7.458788871765136719e+00
8.617354393005371094e+00
5.528787612915039062e+00
7.509150505065917969e+00
1.128919792175292969e+01
8.188697814941406250e+00
7.878956317901611328e+00
8.350761413574218750e+00
9.784567832946777344e+00
1.030789279937744141e+01
1.123287773132324219e+01
1.066122150421142578e+01
8.441980361938476562e+00
5.323795318603515625e+00
6.705005645751953125e+00
5.582314491271972656e+00
7.349500656127929688e+00
7.964910507202148438e+00
1.311349296569824219e+01
9.991569519042968750e+00
1.108101654052734375e+01
6.602269172668457031e+00
9.014949798583984375e+00
7.274024009704589844e+00
6.330999851226806641e+00
5.219551086425781250e+00
1.168445968627929688e+01
9.271727561950683594e+00
9.675078392028808594e+00
7.418221950531005859e+00
9.348862648010253906e+00
6.364173889160156250e+00
8.984102249145507812e+00
7.545140743255615234e+00
9.454987525939941406e+00
8.595029830932617188e+00
9.699327468872070312e+00
1.105828285217285156e+01
7.352483749389648438e+00
6.327549457550048828e+00
8.707344055175781250e+00
2.174203681945800781e+01
1.006409072875976562e+01
9.135499954223632812e+00
1.047942924499511719e+01
8.263875961303710938e+00
7.725076198577880859e+00
8.245969772338867188e+00
6.376878738403320312e+00
8.858799934387207031e+00
1.714975357055664062e+01
1.612498474121093750e+01
1.208344554901123047e+01
1.525975513458251953e+01
8.852481842041015625e+00
7.926861286163330078e+00
6.547794342041015625e+00
6.438394546508789062e+00
3.915529727935791016e+00
9.480575561523437500e+00
1.244146919250488281e+01
1.095591735839843750e+01
1.400756263732910156e+01
1.229482555389404297e+01
1.218094539642333984e+01
5.340494632720947266e+00
6.577662467956542969e+00
5.351108551025390625e+00
7.121273994445800781e+00
1.016195106506347656e+01
8.024127960205078125e+00
9.439385414123535156e+00
6.824596881866455078e+00
8.031095504760742188e+00
7.377373218536376953e+00
1.317946815490722656e+01
1.022090911865234375e+01
5.813681602478027344e+00
9.676155090332031250e+00
8.828260421752929688e+00
1.005784893035888672e+01
7.755408287048339844e+00
1.095100975036621094e+01
6.732900619506835938e+00
5.976931571960449219e+00
6.638077259063720703e+00
7.914458274841308594e+00
9.564872741699218750e+00
9.513275146484375000e+00
1.190848350524902344e+01
9.936330795288085938e+00
8.327394485473632812e+00
9.914964675903320312e+00
5.861519813537597656e+00
5.293933391571044922e+00
6.927502632141113281e+00
1.012769412994384766e+01
1.107333946228027344e+01
7.950040340423583984e+00
9.041719436645507812e+00
7.547902107238769531e+00
9.260087013244628906e+00
1.049103736877441406e+01
1.847382164001464844e+01
4.274739742279052734e+00
7.588980674743652344e+00
9.060677528381347656e+00
7.604840755462646484e+00
3.452674484252929688e+01
1.037327194213867188e+01
7.034289360046386719e+00
5.927014350891113281e+00
7.500102996826171875e+00
8.206885337829589844e+00
1.231870079040527344e+01
9.530656814575195312e+00
1.019192218780517578e+01
7.552247047424316406e+00
7.509277820587158203e+00
7.182697772979736328e+00
7.235664844512939453e+00
7.369575500488281250e+00
9.324776649475097656e+00
8.115019798278808594e+00
9.943025588989257812e+00
8.022691726684570312e+00
8.464525222778320312e+00
7.961338996887207031e+00
1.775179100036621094e+01
8.438969612121582031e+00
1.032553958892822266e+01
7.695056915283203125e+00
7.310748100280761719e+00
8.326930999755859375e+00
1.207521915435791016e+01
1.417267131805419922e+01
9.501251220703125000e+00
7.542032718658447266e+00
1.116922855377197266e+01
6.881443977355957031e+00
6.478443145751953125e+00
1.005507469177246094e+01
8.632518768310546875e+00
7.189103126525878906e+00
9.408658027648925781e+00
7.963892936706542969e+00
8.510251998901367188e+00
1.222058677673339844e+01
7.351845741271972656e+00
7.534073829650878906e+00
7.995600700378417969e+00
5.345700263977050781e+00
6.698768138885498047e+00
5.334718704223632812e+00
1.124998474121093750e+01
1.293562412261962891e+01
9.926171302795410156e+00
1.144733047485351562e+01
7.734743118286132812e+00
4.866926670074462891e+00
1.971432876586914062e+01
5.269647121429443359e+00
9.023630142211914062e+00
7.053414344787597656e+00
1.073951339721679688e+01
1.114912223815917969e+01
8.946319580078125000e+00
1.209146499633789062e+01
1.007136154174804688e+01
6.957324028015136719e+00
5.319543838500976562e+00
7.792182922363281250e+00
7.110131263732910156e+00
7.999956130981445312e+00
8.232054710388183594e+00
9.482559204101562500e+00
7.082016468048095703e+00
8.257757186889648438e+00
6.693506240844726562e+00
1.114170265197753906e+01
1.022143554687500000e+01
6.878353595733642578e+00
9.104258537292480469e+00
1.293210315704345703e+01
6.040984630584716797e+00
6.433920860290527344e+00
6.669213294982910156e+00
8.591795921325683594e+00
6.357596874237060547e+00
8.057605743408203125e+00
1.229732513427734375e+01
1.259476661682128906e+01
6.814651489257812500e+00
8.625372886657714844e+00
6.630502700805664062e+00
6.690420150756835938e+00
7.571547031402587891e+00
9.069847106933593750e+00
7.309761047363281250e+00
8.062200546264648438e+00
8.797693252563476562e+00
1.110132503509521484e+01
8.154016494750976562e+00
5.820206642150878906e+00
3.473498344421386719e+00
5.970172882080078125e+00
7.322918891906738281e+00
9.615157127380371094e+00
1.009973335266113281e+01
7.156723022460937500e+00
7.575108528137207031e+00
7.003685951232910156e+00
6.794224739074707031e+00
1.245528984069824219e+01
9.257431983947753906e+00
6.557754039764404297e+00
8.817525863647460938e+00
6.737160682678222656e+00
6.404565334320068359e+00
5.461734771728515625e+00
6.714536666870117188e+00
6.538947105407714844e+00
9.699798583984375000e+00
8.506720542907714844e+00
8.665693283081054688e+00
9.576885223388671875e+00
5.702525615692138672e+00
6.770641326904296875e+00
8.117996215820312500e+00
6.071730613708496094e+00
7.957742214202880859e+00
8.168326377868652344e+00
8.339023590087890625e+00
6.458021640777587891e+00
7.685968399047851562e+00
7.601350784301757812e+00
9.331702232360839844e+00
8.653489112854003906e+00
9.255796432495117188e+00
1.087039375305175781e+01
1.185754489898681641e+01
1.217782402038574219e+01
7.301293849945068359e+00
6.522785663604736328e+00
5.772189140319824219e+00
